Date,Name,NAV
06/08/2009,Rathbone Multi Asset Strategic Gr S Acc,0.773951515
06/09/2009,Rathbone Multi Asset Strategic Gr S Acc,0.773951515
06/10/2009,Rathbone Multi Asset Strategic Gr S Acc,0.770778314
06/11/2009,Rathbone Multi Asset Strategic Gr S Acc,0.770778314
06/12/2009,Rathbone Multi Asset Strategic Gr S Acc,0.770778314
06/13/2009,Rathbone Multi Asset Strategic Gr S Acc,0.770778314
06/14/2009,Rathbone Multi Asset Strategic Gr S Acc,0.770778314
06/15/2009,Rathbone Multi Asset Strategic Gr S Acc,0.770778314
06/16/2009,Rathbone Multi Asset Strategic Gr S Acc,0.770778314
06/17/2009,Rathbone Multi Asset Strategic Gr S Acc,0.76350317
06/18/2009,Rathbone Multi Asset Strategic Gr S Acc,0.76350317
06/19/2009,Rathbone Multi Asset Strategic Gr S Acc,0.76350317
06/20/2009,Rathbone Multi Asset Strategic Gr S Acc,0.76350317
06/21/2009,Rathbone Multi Asset Strategic Gr S Acc,0.76350317
06/22/2009,Rathbone Multi Asset Strategic Gr S Acc,0.76350317
06/23/2009,Rathbone Multi Asset Strategic Gr S Acc,0.76350317
06/24/2009,Rathbone Multi Asset Strategic Gr S Acc,0.750500784
06/25/2009,Rathbone Multi Asset Strategic Gr S Acc,0.750500784
06/26/2009,Rathbone Multi Asset Strategic Gr S Acc,0.750500784
06/27/2009,Rathbone Multi Asset Strategic Gr S Acc,0.750500784
06/28/2009,Rathbone Multi Asset Strategic Gr S Acc,0.750500784
06/29/2009,Rathbone Multi Asset Strategic Gr S Acc,0.750500784
06/30/2009,Rathbone Multi Asset Strategic Gr S Acc,0.759014251
07/01/2009,Rathbone Multi Asset Strategic Gr S Acc,0.761955267
07/02/2009,Rathbone Multi Asset Strategic Gr S Acc,0.761955267
07/03/2009,Rathbone Multi Asset Strategic Gr S Acc,0.761955267
07/04/2009,Rathbone Multi Asset Strategic Gr S Acc,0.761955267
07/05/2009,Rathbone Multi Asset Strategic Gr S Acc,0.761955267
07/06/2009,Rathbone Multi Asset Strategic Gr S Acc,0.761955267
07/07/2009,Rathbone Multi Asset Strategic Gr S Acc,0.761955267
07/08/2009,Rathbone Multi Asset Strategic Gr S Acc,0.759942993
07/09/2009,Rathbone Multi Asset Strategic Gr S Acc,0.759942993
07/10/2009,Rathbone Multi Asset Strategic Gr S Acc,0.759942993
07/11/2009,Rathbone Multi Asset Strategic Gr S Acc,0.759942993
07/12/2009,Rathbone Multi Asset Strategic Gr S Acc,0.759942993
07/13/2009,Rathbone Multi Asset Strategic Gr S Acc,0.759942993
07/14/2009,Rathbone Multi Asset Strategic Gr S Acc,0.759942993
07/15/2009,Rathbone Multi Asset Strategic Gr S Acc,0.758317695
07/16/2009,Rathbone Multi Asset Strategic Gr S Acc,0.758317695
07/17/2009,Rathbone Multi Asset Strategic Gr S Acc,0.758317695
07/18/2009,Rathbone Multi Asset Strategic Gr S Acc,0.758317695
07/19/2009,Rathbone Multi Asset Strategic Gr S Acc,0.758317695
07/20/2009,Rathbone Multi Asset Strategic Gr S Acc,0.758317695
07/21/2009,Rathbone Multi Asset Strategic Gr S Acc,0.758317695
07/22/2009,Rathbone Multi Asset Strategic Gr S Acc,0.781613635
07/23/2009,Rathbone Multi Asset Strategic Gr S Acc,0.781613635
07/24/2009,Rathbone Multi Asset Strategic Gr S Acc,0.781613635
07/25/2009,Rathbone Multi Asset Strategic Gr S Acc,0.781613635
07/26/2009,Rathbone Multi Asset Strategic Gr S Acc,0.781613635
07/27/2009,Rathbone Multi Asset Strategic Gr S Acc,0.781613635
07/28/2009,Rathbone Multi Asset Strategic Gr S Acc,0.781613635
07/29/2009,Rathbone Multi Asset Strategic Gr S Acc,0.794074255
07/30/2009,Rathbone Multi Asset Strategic Gr S Acc,0.794074255
07/31/2009,Rathbone Multi Asset Strategic Gr S Acc,0.794074255
08/01/2009,Rathbone Multi Asset Strategic Gr S Acc,0.794074255
08/02/2009,Rathbone Multi Asset Strategic Gr S Acc,0.794074255
08/03/2009,Rathbone Multi Asset Strategic Gr S Acc,0.794074255
08/04/2009,Rathbone Multi Asset Strategic Gr S Acc,0.794074255
08/05/2009,Rathbone Multi Asset Strategic Gr S Acc,0.799104939
08/06/2009,Rathbone Multi Asset Strategic Gr S Acc,0.799104939
08/07/2009,Rathbone Multi Asset Strategic Gr S Acc,0.799104939
08/08/2009,Rathbone Multi Asset Strategic Gr S Acc,0.799104939
08/09/2009,Rathbone Multi Asset Strategic Gr S Acc,0.799104939
08/10/2009,Rathbone Multi Asset Strategic Gr S Acc,0.799104939
08/11/2009,Rathbone Multi Asset Strategic Gr S Acc,0.799104939
08/12/2009,Rathbone Multi Asset Strategic Gr S Acc,0.814042204
08/13/2009,Rathbone Multi Asset Strategic Gr S Acc,0.814042204
08/14/2009,Rathbone Multi Asset Strategic Gr S Acc,0.814042204
08/15/2009,Rathbone Multi Asset Strategic Gr S Acc,0.814042204
08/16/2009,Rathbone Multi Asset Strategic Gr S Acc,0.814042204
08/17/2009,Rathbone Multi Asset Strategic Gr S Acc,0.814042204
08/18/2009,Rathbone Multi Asset Strategic Gr S Acc,0.814042204
08/19/2009,Rathbone Multi Asset Strategic Gr S Acc,0.810327236
08/20/2009,Rathbone Multi Asset Strategic Gr S Acc,0.810327236
08/21/2009,Rathbone Multi Asset Strategic Gr S Acc,0.810327236
08/22/2009,Rathbone Multi Asset Strategic Gr S Acc,0.810327236
08/23/2009,Rathbone Multi Asset Strategic Gr S Acc,0.810327236
08/24/2009,Rathbone Multi Asset Strategic Gr S Acc,0.810327236
08/25/2009,Rathbone Multi Asset Strategic Gr S Acc,0.810327236
08/26/2009,Rathbone Multi Asset Strategic Gr S Acc,0.831146532
08/27/2009,Rathbone Multi Asset Strategic Gr S Acc,0.831146532
08/28/2009,Rathbone Multi Asset Strategic Gr S Acc,0.831146532
08/29/2009,Rathbone Multi Asset Strategic Gr S Acc,0.831146532
08/30/2009,Rathbone Multi Asset Strategic Gr S Acc,0.831146532
08/31/2009,Rathbone Multi Asset Strategic Gr S Acc,0.831146532
09/01/2009,Rathbone Multi Asset Strategic Gr S Acc,0.831146532
09/02/2009,Rathbone Multi Asset Strategic Gr S Acc,0.830604766
09/03/2009,Rathbone Multi Asset Strategic Gr S Acc,0.830604766
09/04/2009,Rathbone Multi Asset Strategic Gr S Acc,0.830604766
09/05/2009,Rathbone Multi Asset Strategic Gr S Acc,0.830604766
09/06/2009,Rathbone Multi Asset Strategic Gr S Acc,0.830604766
09/07/2009,Rathbone Multi Asset Strategic Gr S Acc,0.830604766
09/08/2009,Rathbone Multi Asset Strategic Gr S Acc,0.830604766
09/09/2009,Rathbone Multi Asset Strategic Gr S Acc,0.838344281
09/10/2009,Rathbone Multi Asset Strategic Gr S Acc,0.838344281
09/11/2009,Rathbone Multi Asset Strategic Gr S Acc,0.838344281
09/12/2009,Rathbone Multi Asset Strategic Gr S Acc,0.838344281
09/13/2009,Rathbone Multi Asset Strategic Gr S Acc,0.838344281
09/14/2009,Rathbone Multi Asset Strategic Gr S Acc,0.838344281
09/15/2009,Rathbone Multi Asset Strategic Gr S Acc,0.838344281
09/16/2009,Rathbone Multi Asset Strategic Gr S Acc,0.852043223
09/17/2009,Rathbone Multi Asset Strategic Gr S Acc,0.852043223
09/18/2009,Rathbone Multi Asset Strategic Gr S Acc,0.852043223
09/19/2009,Rathbone Multi Asset Strategic Gr S Acc,0.852043223
09/20/2009,Rathbone Multi Asset Strategic Gr S Acc,0.852043223
09/21/2009,Rathbone Multi Asset Strategic Gr S Acc,0.852043223
09/22/2009,Rathbone Multi Asset Strategic Gr S Acc,0.852043223
09/23/2009,Rathbone Multi Asset Strategic Gr S Acc,0.865587375
09/24/2009,Rathbone Multi Asset Strategic Gr S Acc,0.865587375
09/25/2009,Rathbone Multi Asset Strategic Gr S Acc,0.865587375
09/26/2009,Rathbone Multi Asset Strategic Gr S Acc,0.865587375
09/27/2009,Rathbone Multi Asset Strategic Gr S Acc,0.865587375
09/28/2009,Rathbone Multi Asset Strategic Gr S Acc,0.865587375
09/29/2009,Rathbone Multi Asset Strategic Gr S Acc,0.865587375
09/30/2009,Rathbone Multi Asset Strategic Gr S Acc,0.868605785
10/01/2009,Rathbone Multi Asset Strategic Gr S Acc,0.868605785
10/02/2009,Rathbone Multi Asset Strategic Gr S Acc,0.868605785
10/03/2009,Rathbone Multi Asset Strategic Gr S Acc,0.868605785
10/04/2009,Rathbone Multi Asset Strategic Gr S Acc,0.868605785
10/05/2009,Rathbone Multi Asset Strategic Gr S Acc,0.868605785
10/06/2009,Rathbone Multi Asset Strategic Gr S Acc,0.868605785
10/07/2009,Rathbone Multi Asset Strategic Gr S Acc,0.868915366
10/08/2009,Rathbone Multi Asset Strategic Gr S Acc,0.868915366
10/09/2009,Rathbone Multi Asset Strategic Gr S Acc,0.868915366
10/10/2009,Rathbone Multi Asset Strategic Gr S Acc,0.868915366
10/11/2009,Rathbone Multi Asset Strategic Gr S Acc,0.868915366
10/12/2009,Rathbone Multi Asset Strategic Gr S Acc,0.868915366
10/13/2009,Rathbone Multi Asset Strategic Gr S Acc,0.868915366
10/14/2009,Rathbone Multi Asset Strategic Gr S Acc,0.885013558
10/15/2009,Rathbone Multi Asset Strategic Gr S Acc,0.885013558
10/16/2009,Rathbone Multi Asset Strategic Gr S Acc,0.885013558
10/17/2009,Rathbone Multi Asset Strategic Gr S Acc,0.885013558
10/18/2009,Rathbone Multi Asset Strategic Gr S Acc,0.885013558
10/19/2009,Rathbone Multi Asset Strategic Gr S Acc,0.885013558
10/20/2009,Rathbone Multi Asset Strategic Gr S Acc,0.885013558
10/21/2009,Rathbone Multi Asset Strategic Gr S Acc,0.881762961
10/22/2009,Rathbone Multi Asset Strategic Gr S Acc,0.881762961
10/23/2009,Rathbone Multi Asset Strategic Gr S Acc,0.881762961
10/24/2009,Rathbone Multi Asset Strategic Gr S Acc,0.881762961
10/25/2009,Rathbone Multi Asset Strategic Gr S Acc,0.881762961
10/26/2009,Rathbone Multi Asset Strategic Gr S Acc,0.881762961
10/27/2009,Rathbone Multi Asset Strategic Gr S Acc,0.881762961
10/28/2009,Rathbone Multi Asset Strategic Gr S Acc,0.870076293
10/29/2009,Rathbone Multi Asset Strategic Gr S Acc,0.870076293
10/30/2009,Rathbone Multi Asset Strategic Gr S Acc,0.870076293
10/31/2009,Rathbone Multi Asset Strategic Gr S Acc,0.870076293
11/01/2009,Rathbone Multi Asset Strategic Gr S Acc,0.870076293
11/02/2009,Rathbone Multi Asset Strategic Gr S Acc,0.870076293
11/03/2009,Rathbone Multi Asset Strategic Gr S Acc,0.870076293
11/04/2009,Rathbone Multi Asset Strategic Gr S Acc,0.852662384
11/05/2009,Rathbone Multi Asset Strategic Gr S Acc,0.852662384
11/06/2009,Rathbone Multi Asset Strategic Gr S Acc,0.852662384
11/07/2009,Rathbone Multi Asset Strategic Gr S Acc,0.852662384
11/08/2009,Rathbone Multi Asset Strategic Gr S Acc,0.852662384
11/09/2009,Rathbone Multi Asset Strategic Gr S Acc,0.852662384
11/10/2009,Rathbone Multi Asset Strategic Gr S Acc,0.852662384
11/11/2009,Rathbone Multi Asset Strategic Gr S Acc,0.867135278
11/12/2009,Rathbone Multi Asset Strategic Gr S Acc,0.867135278
11/13/2009,Rathbone Multi Asset Strategic Gr S Acc,0.867135278
11/14/2009,Rathbone Multi Asset Strategic Gr S Acc,0.867135278
11/15/2009,Rathbone Multi Asset Strategic Gr S Acc,0.867135278
11/16/2009,Rathbone Multi Asset Strategic Gr S Acc,0.867135278
11/17/2009,Rathbone Multi Asset Strategic Gr S Acc,0.867135278
11/18/2009,Rathbone Multi Asset Strategic Gr S Acc,0.874178236
11/19/2009,Rathbone Multi Asset Strategic Gr S Acc,0.874178236
11/20/2009,Rathbone Multi Asset Strategic Gr S Acc,0.874178236
11/21/2009,Rathbone Multi Asset Strategic Gr S Acc,0.874178236
11/22/2009,Rathbone Multi Asset Strategic Gr S Acc,0.874178236
11/23/2009,Rathbone Multi Asset Strategic Gr S Acc,0.874178236
11/24/2009,Rathbone Multi Asset Strategic Gr S Acc,0.874178236
11/25/2009,Rathbone Multi Asset Strategic Gr S Acc,0.874410422
11/26/2009,Rathbone Multi Asset Strategic Gr S Acc,0.874410422
11/27/2009,Rathbone Multi Asset Strategic Gr S Acc,0.874410422
11/28/2009,Rathbone Multi Asset Strategic Gr S Acc,0.874410422
11/29/2009,Rathbone Multi Asset Strategic Gr S Acc,0.874410422
11/30/2009,Rathbone Multi Asset Strategic Gr S Acc,0.874410422
12/01/2009,Rathbone Multi Asset Strategic Gr S Acc,0.874410422
12/02/2009,Rathbone Multi Asset Strategic Gr S Acc,0.872707728
12/03/2009,Rathbone Multi Asset Strategic Gr S Acc,0.872707728
12/04/2009,Rathbone Multi Asset Strategic Gr S Acc,0.872707728
12/05/2009,Rathbone Multi Asset Strategic Gr S Acc,0.872707728
12/06/2009,Rathbone Multi Asset Strategic Gr S Acc,0.872707728
12/07/2009,Rathbone Multi Asset Strategic Gr S Acc,0.872707728
12/08/2009,Rathbone Multi Asset Strategic Gr S Acc,0.872707728
12/09/2009,Rathbone Multi Asset Strategic Gr S Acc,0.873404285
12/10/2009,Rathbone Multi Asset Strategic Gr S Acc,0.873404285
12/11/2009,Rathbone Multi Asset Strategic Gr S Acc,0.873404285
12/12/2009,Rathbone Multi Asset Strategic Gr S Acc,0.873404285
12/13/2009,Rathbone Multi Asset Strategic Gr S Acc,0.873404285
12/14/2009,Rathbone Multi Asset Strategic Gr S Acc,0.873404285
12/15/2009,Rathbone Multi Asset Strategic Gr S Acc,0.873404285
12/16/2009,Rathbone Multi Asset Strategic Gr S Acc,0.871392011
12/17/2009,Rathbone Multi Asset Strategic Gr S Acc,0.871392011
12/18/2009,Rathbone Multi Asset Strategic Gr S Acc,0.871392011
12/19/2009,Rathbone Multi Asset Strategic Gr S Acc,0.871392011
12/20/2009,Rathbone Multi Asset Strategic Gr S Acc,0.871392011
12/21/2009,Rathbone Multi Asset Strategic Gr S Acc,0.871392011
12/22/2009,Rathbone Multi Asset Strategic Gr S Acc,0.871392011
12/23/2009,Rathbone Multi Asset Strategic Gr S Acc,0.87619051
12/24/2009,Rathbone Multi Asset Strategic Gr S Acc,0.87619051
12/25/2009,Rathbone Multi Asset Strategic Gr S Acc,0.87619051
12/26/2009,Rathbone Multi Asset Strategic Gr S Acc,0.87619051
12/27/2009,Rathbone Multi Asset Strategic Gr S Acc,0.87619051
12/28/2009,Rathbone Multi Asset Strategic Gr S Acc,0.87619051
12/29/2009,Rathbone Multi Asset Strategic Gr S Acc,0.87619051
12/30/2009,Rathbone Multi Asset Strategic Gr S Acc,0.884317001
12/31/2009,Rathbone Multi Asset Strategic Gr S Acc,0.884703977
01/01/2010,Rathbone Multi Asset Strategic Gr S Acc,0.884703977
01/02/2010,Rathbone Multi Asset Strategic Gr S Acc,0.884703977
01/03/2010,Rathbone Multi Asset Strategic Gr S Acc,0.884703977
01/04/2010,Rathbone Multi Asset Strategic Gr S Acc,0.884703977
01/05/2010,Rathbone Multi Asset Strategic Gr S Acc,0.884703977
01/06/2010,Rathbone Multi Asset Strategic Gr S Acc,0.891901726
01/07/2010,Rathbone Multi Asset Strategic Gr S Acc,0.891901726
01/08/2010,Rathbone Multi Asset Strategic Gr S Acc,0.891901726
01/09/2010,Rathbone Multi Asset Strategic Gr S Acc,0.891901726
01/10/2010,Rathbone Multi Asset Strategic Gr S Acc,0.891901726
01/11/2010,Rathbone Multi Asset Strategic Gr S Acc,0.891901726
01/12/2010,Rathbone Multi Asset Strategic Gr S Acc,0.891901726
01/13/2010,Rathbone Multi Asset Strategic Gr S Acc,0.896855016
01/14/2010,Rathbone Multi Asset Strategic Gr S Acc,0.896855016
01/15/2010,Rathbone Multi Asset Strategic Gr S Acc,0.896855016
01/16/2010,Rathbone Multi Asset Strategic Gr S Acc,0.896855016
01/17/2010,Rathbone Multi Asset Strategic Gr S Acc,0.896855016
01/18/2010,Rathbone Multi Asset Strategic Gr S Acc,0.896855016
01/19/2010,Rathbone Multi Asset Strategic Gr S Acc,0.896855016
01/20/2010,Rathbone Multi Asset Strategic Gr S Acc,0.890276428
01/21/2010,Rathbone Multi Asset Strategic Gr S Acc,0.890276428
01/22/2010,Rathbone Multi Asset Strategic Gr S Acc,0.890276428
01/23/2010,Rathbone Multi Asset Strategic Gr S Acc,0.890276428
01/24/2010,Rathbone Multi Asset Strategic Gr S Acc,0.890276428
01/25/2010,Rathbone Multi Asset Strategic Gr S Acc,0.890276428
01/26/2010,Rathbone Multi Asset Strategic Gr S Acc,0.890276428
01/27/2010,Rathbone Multi Asset Strategic Gr S Acc,0.87332689
01/28/2010,Rathbone Multi Asset Strategic Gr S Acc,0.87332689
01/29/2010,Rathbone Multi Asset Strategic Gr S Acc,0.87332689
01/30/2010,Rathbone Multi Asset Strategic Gr S Acc,0.87332689
01/31/2010,Rathbone Multi Asset Strategic Gr S Acc,0.87332689
02/01/2010,Rathbone Multi Asset Strategic Gr S Acc,0.87332689
02/02/2010,Rathbone Multi Asset Strategic Gr S Acc,0.87332689
02/03/2010,Rathbone Multi Asset Strategic Gr S Acc,0.87843497
02/04/2010,Rathbone Multi Asset Strategic Gr S Acc,0.87843497
02/05/2010,Rathbone Multi Asset Strategic Gr S Acc,0.87843497
02/06/2010,Rathbone Multi Asset Strategic Gr S Acc,0.87843497
02/07/2010,Rathbone Multi Asset Strategic Gr S Acc,0.87843497
02/08/2010,Rathbone Multi Asset Strategic Gr S Acc,0.87843497
02/09/2010,Rathbone Multi Asset Strategic Gr S Acc,0.87843497
02/10/2010,Rathbone Multi Asset Strategic Gr S Acc,0.867986624
02/11/2010,Rathbone Multi Asset Strategic Gr S Acc,0.867986624
02/12/2010,Rathbone Multi Asset Strategic Gr S Acc,0.867986624
02/13/2010,Rathbone Multi Asset Strategic Gr S Acc,0.867986624
02/14/2010,Rathbone Multi Asset Strategic Gr S Acc,0.867986624
02/15/2010,Rathbone Multi Asset Strategic Gr S Acc,0.867986624
02/16/2010,Rathbone Multi Asset Strategic Gr S Acc,0.867986624
02/17/2010,Rathbone Multi Asset Strategic Gr S Acc,0.875726139
02/18/2010,Rathbone Multi Asset Strategic Gr S Acc,0.875726139
02/19/2010,Rathbone Multi Asset Strategic Gr S Acc,0.875726139
02/20/2010,Rathbone Multi Asset Strategic Gr S Acc,0.875726139
02/21/2010,Rathbone Multi Asset Strategic Gr S Acc,0.875726139
02/22/2010,Rathbone Multi Asset Strategic Gr S Acc,0.875726139
02/23/2010,Rathbone Multi Asset Strategic Gr S Acc,0.875726139
02/24/2010,Rathbone Multi Asset Strategic Gr S Acc,0.889270291
02/25/2010,Rathbone Multi Asset Strategic Gr S Acc,0.889270291
02/26/2010,Rathbone Multi Asset Strategic Gr S Acc,0.889270291
02/27/2010,Rathbone Multi Asset Strategic Gr S Acc,0.889270291
02/28/2010,Rathbone Multi Asset Strategic Gr S Acc,0.889270291
03/01/2010,Rathbone Multi Asset Strategic Gr S Acc,0.889270291
03/02/2010,Rathbone Multi Asset Strategic Gr S Acc,0.889270291
03/03/2010,Rathbone Multi Asset Strategic Gr S Acc,0.908077313
03/04/2010,Rathbone Multi Asset Strategic Gr S Acc,0.908077313
03/05/2010,Rathbone Multi Asset Strategic Gr S Acc,0.908077313
03/06/2010,Rathbone Multi Asset Strategic Gr S Acc,0.908077313
03/07/2010,Rathbone Multi Asset Strategic Gr S Acc,0.908077313
03/08/2010,Rathbone Multi Asset Strategic Gr S Acc,0.908077313
03/09/2010,Rathbone Multi Asset Strategic Gr S Acc,0.908077313
03/10/2010,Rathbone Multi Asset Strategic Gr S Acc,0.918603053
03/11/2010,Rathbone Multi Asset Strategic Gr S Acc,0.918603053
03/12/2010,Rathbone Multi Asset Strategic Gr S Acc,0.918603053
03/13/2010,Rathbone Multi Asset Strategic Gr S Acc,0.918603053
03/14/2010,Rathbone Multi Asset Strategic Gr S Acc,0.918603053
03/15/2010,Rathbone Multi Asset Strategic Gr S Acc,0.918603053
03/16/2010,Rathbone Multi Asset Strategic Gr S Acc,0.918603053
03/17/2010,Rathbone Multi Asset Strategic Gr S Acc,0.91960919
03/18/2010,Rathbone Multi Asset Strategic Gr S Acc,0.91960919
03/19/2010,Rathbone Multi Asset Strategic Gr S Acc,0.91960919
03/20/2010,Rathbone Multi Asset Strategic Gr S Acc,0.91960919
03/21/2010,Rathbone Multi Asset Strategic Gr S Acc,0.91960919
03/22/2010,Rathbone Multi Asset Strategic Gr S Acc,0.91960919
03/23/2010,Rathbone Multi Asset Strategic Gr S Acc,0.91960919
03/24/2010,Rathbone Multi Asset Strategic Gr S Acc,0.929128794
03/25/2010,Rathbone Multi Asset Strategic Gr S Acc,0.929128794
03/26/2010,Rathbone Multi Asset Strategic Gr S Acc,0.929128794
03/27/2010,Rathbone Multi Asset Strategic Gr S Acc,0.929128794
03/28/2010,Rathbone Multi Asset Strategic Gr S Acc,0.929128794
03/29/2010,Rathbone Multi Asset Strategic Gr S Acc,0.929128794
03/30/2010,Rathbone Multi Asset Strategic Gr S Acc,0.929128794
03/31/2010,Rathbone Multi Asset Strategic Gr S Acc,0.933695108
04/01/2010,Rathbone Multi Asset Strategic Gr S Acc,0.930754092
04/02/2010,Rathbone Multi Asset Strategic Gr S Acc,0.930754092
04/03/2010,Rathbone Multi Asset Strategic Gr S Acc,0.930754092
04/04/2010,Rathbone Multi Asset Strategic Gr S Acc,0.930754092
04/05/2010,Rathbone Multi Asset Strategic Gr S Acc,0.930754092
04/06/2010,Rathbone Multi Asset Strategic Gr S Acc,0.930754092
04/07/2010,Rathbone Multi Asset Strategic Gr S Acc,0.937797051
04/08/2010,Rathbone Multi Asset Strategic Gr S Acc,0.937797051
04/09/2010,Rathbone Multi Asset Strategic Gr S Acc,0.937797051
04/10/2010,Rathbone Multi Asset Strategic Gr S Acc,0.937797051
04/11/2010,Rathbone Multi Asset Strategic Gr S Acc,0.937797051
04/12/2010,Rathbone Multi Asset Strategic Gr S Acc,0.937797051
04/13/2010,Rathbone Multi Asset Strategic Gr S Acc,0.937797051
04/14/2010,Rathbone Multi Asset Strategic Gr S Acc,0.940428486
04/15/2010,Rathbone Multi Asset Strategic Gr S Acc,0.940428486
04/16/2010,Rathbone Multi Asset Strategic Gr S Acc,0.940428486
04/17/2010,Rathbone Multi Asset Strategic Gr S Acc,0.940428486
04/18/2010,Rathbone Multi Asset Strategic Gr S Acc,0.940428486
04/19/2010,Rathbone Multi Asset Strategic Gr S Acc,0.940428486
04/20/2010,Rathbone Multi Asset Strategic Gr S Acc,0.940428486
04/21/2010,Rathbone Multi Asset Strategic Gr S Acc,0.939267559
04/22/2010,Rathbone Multi Asset Strategic Gr S Acc,0.939267559
04/23/2010,Rathbone Multi Asset Strategic Gr S Acc,0.939267559
04/24/2010,Rathbone Multi Asset Strategic Gr S Acc,0.939267559
04/25/2010,Rathbone Multi Asset Strategic Gr S Acc,0.939267559
04/26/2010,Rathbone Multi Asset Strategic Gr S Acc,0.939267559
04/27/2010,Rathbone Multi Asset Strategic Gr S Acc,0.939267559
04/28/2010,Rathbone Multi Asset Strategic Gr S Acc,0.943524292
04/29/2010,Rathbone Multi Asset Strategic Gr S Acc,0.943524292
04/30/2010,Rathbone Multi Asset Strategic Gr S Acc,0.943524292
05/01/2010,Rathbone Multi Asset Strategic Gr S Acc,0.943524292
05/02/2010,Rathbone Multi Asset Strategic Gr S Acc,0.943524292
05/03/2010,Rathbone Multi Asset Strategic Gr S Acc,0.943524292
05/04/2010,Rathbone Multi Asset Strategic Gr S Acc,0.943524292
05/05/2010,Rathbone Multi Asset Strategic Gr S Acc,0.937100495
05/06/2010,Rathbone Multi Asset Strategic Gr S Acc,0.937100495
05/07/2010,Rathbone Multi Asset Strategic Gr S Acc,0.924794665
05/08/2010,Rathbone Multi Asset Strategic Gr S Acc,0.924794665
05/09/2010,Rathbone Multi Asset Strategic Gr S Acc,0.924794665
05/10/2010,Rathbone Multi Asset Strategic Gr S Acc,0.914268925
05/11/2010,Rathbone Multi Asset Strategic Gr S Acc,0.920305747
05/12/2010,Rathbone Multi Asset Strategic Gr S Acc,0.92440769
05/13/2010,Rathbone Multi Asset Strategic Gr S Acc,0.927967867
05/14/2010,Rathbone Multi Asset Strategic Gr S Acc,0.93748747
05/15/2010,Rathbone Multi Asset Strategic Gr S Acc,0.93748747
05/16/2010,Rathbone Multi Asset Strategic Gr S Acc,0.93748747
05/17/2010,Rathbone Multi Asset Strategic Gr S Acc,0.936713519
05/18/2010,Rathbone Multi Asset Strategic Gr S Acc,0.931373253
05/19/2010,Rathbone Multi Asset Strategic Gr S Acc,0.927813076
05/20/2010,Rathbone Multi Asset Strategic Gr S Acc,0.921466674
05/21/2010,Rathbone Multi Asset Strategic Gr S Acc,0.912411441
05/22/2010,Rathbone Multi Asset Strategic Gr S Acc,0.912411441
05/23/2010,Rathbone Multi Asset Strategic Gr S Acc,0.912411441
05/24/2010,Rathbone Multi Asset Strategic Gr S Acc,0.903588394
05/25/2010,Rathbone Multi Asset Strategic Gr S Acc,0.901034354
05/26/2010,Rathbone Multi Asset Strategic Gr S Acc,0.896390645
05/27/2010,Rathbone Multi Asset Strategic Gr S Acc,0.89662283
05/28/2010,Rathbone Multi Asset Strategic Gr S Acc,0.901034354
05/29/2010,Rathbone Multi Asset Strategic Gr S Acc,0.901034354
05/30/2010,Rathbone Multi Asset Strategic Gr S Acc,0.901034354
05/31/2010,Rathbone Multi Asset Strategic Gr S Acc,0.901034354
06/01/2010,Rathbone Multi Asset Strategic Gr S Acc,0.910476562
06/02/2010,Rathbone Multi Asset Strategic Gr S Acc,0.904517136
06/03/2010,Rathbone Multi Asset Strategic Gr S Acc,0.904052765
06/04/2010,Rathbone Multi Asset Strategic Gr S Acc,0.910012191
06/05/2010,Rathbone Multi Asset Strategic Gr S Acc,0.910012191
06/06/2010,Rathbone Multi Asset Strategic Gr S Acc,0.910012191
06/07/2010,Rathbone Multi Asset Strategic Gr S Acc,0.909857401
06/08/2010,Rathbone Multi Asset Strategic Gr S Acc,0.906065039
06/09/2010,Rathbone Multi Asset Strategic Gr S Acc,0.897009806
06/10/2010,Rathbone Multi Asset Strategic Gr S Acc,0.895229718
06/11/2010,Rathbone Multi Asset Strategic Gr S Acc,0.899641241
06/12/2010,Rathbone Multi Asset Strategic Gr S Acc,0.899641241
06/13/2010,Rathbone Multi Asset Strategic Gr S Acc,0.899641241
06/14/2010,Rathbone Multi Asset Strategic Gr S Acc,0.905600668
06/15/2010,Rathbone Multi Asset Strategic Gr S Acc,0.908232103
06/16/2010,Rathbone Multi Asset Strategic Gr S Acc,0.910631353
06/17/2010,Rathbone Multi Asset Strategic Gr S Acc,0.913340183
06/18/2010,Rathbone Multi Asset Strategic Gr S Acc,0.915429852
06/19/2010,Rathbone Multi Asset Strategic Gr S Acc,0.915429852
06/20/2010,Rathbone Multi Asset Strategic Gr S Acc,0.915429852
06/21/2010,Rathbone Multi Asset Strategic Gr S Acc,0.917442126
06/22/2010,Rathbone Multi Asset Strategic Gr S Acc,0.920460537
06/23/2010,Rathbone Multi Asset Strategic Gr S Acc,0.915816828
06/24/2010,Rathbone Multi Asset Strategic Gr S Acc,0.910244377
06/25/2010,Rathbone Multi Asset Strategic Gr S Acc,0.906761595
06/26/2010,Rathbone Multi Asset Strategic Gr S Acc,0.906761595
06/27/2010,Rathbone Multi Asset Strategic Gr S Acc,0.906761595
06/28/2010,Rathbone Multi Asset Strategic Gr S Acc,0.900569983
06/29/2010,Rathbone Multi Asset Strategic Gr S Acc,0.896390645
06/30/2010,Rathbone Multi Asset Strategic Gr S Acc,0.891901726
07/01/2010,Rathbone Multi Asset Strategic Gr S Acc,0.88385263
07/02/2010,Rathbone Multi Asset Strategic Gr S Acc,0.877428833
07/03/2010,Rathbone Multi Asset Strategic Gr S Acc,0.877428833
07/04/2010,Rathbone Multi Asset Strategic Gr S Acc,0.877428833
07/05/2010,Rathbone Multi Asset Strategic Gr S Acc,0.874100841
07/06/2010,Rathbone Multi Asset Strategic Gr S Acc,0.874952188
07/07/2010,Rathbone Multi Asset Strategic Gr S Acc,0.877893204
07/08/2010,Rathbone Multi Asset Strategic Gr S Acc,0.881840356
07/09/2010,Rathbone Multi Asset Strategic Gr S Acc,0.891746936
07/10/2010,Rathbone Multi Asset Strategic Gr S Acc,0.891746936
07/11/2010,Rathbone Multi Asset Strategic Gr S Acc,0.891746936
07/12/2010,Rathbone Multi Asset Strategic Gr S Acc,0.895694088
07/13/2010,Rathbone Multi Asset Strategic Gr S Acc,0.899641241
07/14/2010,Rathbone Multi Asset Strategic Gr S Acc,0.900802169
07/15/2010,Rathbone Multi Asset Strategic Gr S Acc,0.901885701
07/16/2010,Rathbone Multi Asset Strategic Gr S Acc,0.901653515
07/17/2010,Rathbone Multi Asset Strategic Gr S Acc,0.901653515
07/18/2010,Rathbone Multi Asset Strategic Gr S Acc,0.901653515
07/19/2010,Rathbone Multi Asset Strategic Gr S Acc,0.900105612
07/20/2010,Rathbone Multi Asset Strategic Gr S Acc,0.895074927
07/21/2010,Rathbone Multi Asset Strategic Gr S Acc,0.893217444
07/22/2010,Rathbone Multi Asset Strategic Gr S Acc,0.896700225
07/23/2010,Rathbone Multi Asset Strategic Gr S Acc,0.898325524
07/24/2010,Rathbone Multi Asset Strategic Gr S Acc,0.898325524
07/25/2010,Rathbone Multi Asset Strategic Gr S Acc,0.898325524
07/26/2010,Rathbone Multi Asset Strategic Gr S Acc,0.902891838
07/27/2010,Rathbone Multi Asset Strategic Gr S Acc,0.904594531
07/28/2010,Rathbone Multi Asset Strategic Gr S Acc,0.90683899
07/29/2010,Rathbone Multi Asset Strategic Gr S Acc,0.904826716
07/30/2010,Rathbone Multi Asset Strategic Gr S Acc,0.906065039
07/31/2010,Rathbone Multi Asset Strategic Gr S Acc,0.906065039
08/01/2010,Rathbone Multi Asset Strategic Gr S Acc,0.906065039
08/02/2010,Rathbone Multi Asset Strategic Gr S Acc,0.903820579
08/03/2010,Rathbone Multi Asset Strategic Gr S Acc,0.903820579
08/04/2010,Rathbone Multi Asset Strategic Gr S Acc,0.904749321
08/05/2010,Rathbone Multi Asset Strategic Gr S Acc,0.907071176
08/06/2010,Rathbone Multi Asset Strategic Gr S Acc,0.910940933
08/07/2010,Rathbone Multi Asset Strategic Gr S Acc,0.910940933
08/08/2010,Rathbone Multi Asset Strategic Gr S Acc,0.910940933
08/09/2010,Rathbone Multi Asset Strategic Gr S Acc,0.911095724
08/10/2010,Rathbone Multi Asset Strategic Gr S Acc,0.911327909
08/11/2010,Rathbone Multi Asset Strategic Gr S Acc,0.911250514
08/12/2010,Rathbone Multi Asset Strategic Gr S Acc,0.905445878
08/13/2010,Rathbone Multi Asset Strategic Gr S Acc,0.899099475
08/14/2010,Rathbone Multi Asset Strategic Gr S Acc,0.899099475
08/15/2010,Rathbone Multi Asset Strategic Gr S Acc,0.899099475
08/16/2010,Rathbone Multi Asset Strategic Gr S Acc,0.898093338
08/17/2010,Rathbone Multi Asset Strategic Gr S Acc,0.898944685
08/18/2010,Rathbone Multi Asset Strategic Gr S Acc,0.900802169
08/19/2010,Rathbone Multi Asset Strategic Gr S Acc,0.903510999
08/20/2010,Rathbone Multi Asset Strategic Gr S Acc,0.904439741
08/21/2010,Rathbone Multi Asset Strategic Gr S Acc,0.904439741
08/22/2010,Rathbone Multi Asset Strategic Gr S Acc,0.904439741
08/23/2010,Rathbone Multi Asset Strategic Gr S Acc,0.898557709
08/24/2010,Rathbone Multi Asset Strategic Gr S Acc,0.899486451
08/25/2010,Rathbone Multi Asset Strategic Gr S Acc,0.897241992
08/26/2010,Rathbone Multi Asset Strategic Gr S Acc,0.892288702
08/27/2010,Rathbone Multi Asset Strategic Gr S Acc,0.890895589
08/28/2010,Rathbone Multi Asset Strategic Gr S Acc,0.890895589
08/29/2010,Rathbone Multi Asset Strategic Gr S Acc,0.890895589
08/30/2010,Rathbone Multi Asset Strategic Gr S Acc,0.890895589
08/31/2010,Rathbone Multi Asset Strategic Gr S Acc,0.891282565
09/01/2010,Rathbone Multi Asset Strategic Gr S Acc,0.895616693
09/02/2010,Rathbone Multi Asset Strategic Gr S Acc,0.902737047
09/03/2010,Rathbone Multi Asset Strategic Gr S Acc,0.909547821
09/04/2010,Rathbone Multi Asset Strategic Gr S Acc,0.909547821
09/05/2010,Rathbone Multi Asset Strategic Gr S Acc,0.909547821
09/06/2010,Rathbone Multi Asset Strategic Gr S Acc,0.913107998
09/07/2010,Rathbone Multi Asset Strategic Gr S Acc,0.916513384
09/08/2010,Rathbone Multi Asset Strategic Gr S Acc,0.917519521
09/09/2010,Rathbone Multi Asset Strategic Gr S Acc,0.917132545
09/10/2010,Rathbone Multi Asset Strategic Gr S Acc,0.920073561
09/11/2010,Rathbone Multi Asset Strategic Gr S Acc,0.920073561
09/12/2010,Rathbone Multi Asset Strategic Gr S Acc,0.920073561
09/13/2010,Rathbone Multi Asset Strategic Gr S Acc,0.922704996
09/14/2010,Rathbone Multi Asset Strategic Gr S Acc,0.926884335
09/15/2010,Rathbone Multi Asset Strategic Gr S Acc,0.928587028
09/16/2010,Rathbone Multi Asset Strategic Gr S Acc,0.927967867
09/17/2010,Rathbone Multi Asset Strategic Gr S Acc,0.927580891
09/18/2010,Rathbone Multi Asset Strategic Gr S Acc,0.927580891
09/19/2010,Rathbone Multi Asset Strategic Gr S Acc,0.927580891
09/20/2010,Rathbone Multi Asset Strategic Gr S Acc,0.928277447
09/21/2010,Rathbone Multi Asset Strategic Gr S Acc,0.930134931
09/22/2010,Rathbone Multi Asset Strategic Gr S Acc,0.932998551
09/23/2010,Rathbone Multi Asset Strategic Gr S Acc,0.930831487
09/24/2010,Rathbone Multi Asset Strategic Gr S Acc,0.928896608
09/25/2010,Rathbone Multi Asset Strategic Gr S Acc,0.928896608
09/26/2010,Rathbone Multi Asset Strategic Gr S Acc,0.928896608
09/27/2010,Rathbone Multi Asset Strategic Gr S Acc,0.928122657
09/28/2010,Rathbone Multi Asset Strategic Gr S Acc,0.933075947
09/29/2010,Rathbone Multi Asset Strategic Gr S Acc,0.932301995
09/30/2010,Rathbone Multi Asset Strategic Gr S Acc,0.934236874
10/01/2010,Rathbone Multi Asset Strategic Gr S Acc,0.936636124
10/02/2010,Rathbone Multi Asset Strategic Gr S Acc,0.936636124
10/03/2010,Rathbone Multi Asset Strategic Gr S Acc,0.936636124
10/04/2010,Rathbone Multi Asset Strategic Gr S Acc,0.936636124
10/05/2010,Rathbone Multi Asset Strategic Gr S Acc,0.936636124
10/06/2010,Rathbone Multi Asset Strategic Gr S Acc,0.94075167
10/07/2010,Rathbone Multi Asset Strategic Gr S Acc,0.948206243
10/08/2010,Rathbone Multi Asset Strategic Gr S Acc,0.948594502
10/09/2010,Rathbone Multi Asset Strategic Gr S Acc,0.948594502
10/10/2010,Rathbone Multi Asset Strategic Gr S Acc,0.948594502
10/11/2010,Rathbone Multi Asset Strategic Gr S Acc,0.946031993
10/12/2010,Rathbone Multi Asset Strategic Gr S Acc,0.948206243
10/13/2010,Rathbone Multi Asset Strategic Gr S Acc,0.950380494
10/14/2010,Rathbone Multi Asset Strategic Gr S Acc,0.954185433
10/15/2010,Rathbone Multi Asset Strategic Gr S Acc,0.956592639
10/16/2010,Rathbone Multi Asset Strategic Gr S Acc,0.956592639
10/17/2010,Rathbone Multi Asset Strategic Gr S Acc,0.956592639
10/18/2010,Rathbone Multi Asset Strategic Gr S Acc,0.954107781
10/19/2010,Rathbone Multi Asset Strategic Gr S Acc,0.955816121
10/20/2010,Rathbone Multi Asset Strategic Gr S Acc,0.957369157
10/21/2010,Rathbone Multi Asset Strategic Gr S Acc,0.954107781
10/22/2010,Rathbone Multi Asset Strategic Gr S Acc,0.955893772
10/23/2010,Rathbone Multi Asset Strategic Gr S Acc,0.955893772
10/24/2010,Rathbone Multi Asset Strategic Gr S Acc,0.955893772
10/25/2010,Rathbone Multi Asset Strategic Gr S Acc,0.958300978
10/26/2010,Rathbone Multi Asset Strategic Gr S Acc,0.95837863
10/27/2010,Rathbone Multi Asset Strategic Gr S Acc,0.95837863
10/28/2010,Rathbone Multi Asset Strategic Gr S Acc,0.95667029
10/29/2010,Rathbone Multi Asset Strategic Gr S Acc,0.953952477
10/30/2010,Rathbone Multi Asset Strategic Gr S Acc,0.953952477
10/31/2010,Rathbone Multi Asset Strategic Gr S Acc,0.953952477
11/01/2010,Rathbone Multi Asset Strategic Gr S Acc,0.954030129
11/02/2010,Rathbone Multi Asset Strategic Gr S Acc,0.955583165
11/03/2010,Rathbone Multi Asset Strategic Gr S Acc,0.956747942
11/04/2010,Rathbone Multi Asset Strategic Gr S Acc,0.958145675
11/05/2010,Rathbone Multi Asset Strategic Gr S Acc,0.961096444
11/06/2010,Rathbone Multi Asset Strategic Gr S Acc,0.961096444
11/07/2010,Rathbone Multi Asset Strategic Gr S Acc,0.961096444
11/08/2010,Rathbone Multi Asset Strategic Gr S Acc,0.964124864
11/09/2010,Rathbone Multi Asset Strategic Gr S Acc,0.966920329
11/10/2010,Rathbone Multi Asset Strategic Gr S Acc,0.967774499
11/11/2010,Rathbone Multi Asset Strategic Gr S Acc,0.965367293
11/12/2010,Rathbone Multi Asset Strategic Gr S Acc,0.962571828
11/13/2010,Rathbone Multi Asset Strategic Gr S Acc,0.962571828
11/14/2010,Rathbone Multi Asset Strategic Gr S Acc,0.962571828
11/15/2010,Rathbone Multi Asset Strategic Gr S Acc,0.960319925
11/16/2010,Rathbone Multi Asset Strategic Gr S Acc,0.955427861
11/17/2010,Rathbone Multi Asset Strategic Gr S Acc,0.954030129
11/18/2010,Rathbone Multi Asset Strategic Gr S Acc,0.950147538
11/19/2010,Rathbone Multi Asset Strategic Gr S Acc,0.952943004
11/20/2010,Rathbone Multi Asset Strategic Gr S Acc,0.952943004
11/21/2010,Rathbone Multi Asset Strategic Gr S Acc,0.952943004
11/22/2010,Rathbone Multi Asset Strategic Gr S Acc,0.955505513
11/23/2010,Rathbone Multi Asset Strategic Gr S Acc,0.956282031
11/24/2010,Rathbone Multi Asset Strategic Gr S Acc,0.954107781
11/25/2010,Rathbone Multi Asset Strategic Gr S Acc,0.951778226
11/26/2010,Rathbone Multi Asset Strategic Gr S Acc,0.95449604
11/27/2010,Rathbone Multi Asset Strategic Gr S Acc,0.95449604
11/28/2010,Rathbone Multi Asset Strategic Gr S Acc,0.95449604
11/29/2010,Rathbone Multi Asset Strategic Gr S Acc,0.955505513
11/30/2010,Rathbone Multi Asset Strategic Gr S Acc,0.957213853
12/01/2010,Rathbone Multi Asset Strategic Gr S Acc,0.954651343
12/02/2010,Rathbone Multi Asset Strategic Gr S Acc,0.956049076
12/03/2010,Rathbone Multi Asset Strategic Gr S Acc,0.963270694
12/04/2010,Rathbone Multi Asset Strategic Gr S Acc,0.963270694
12/05/2010,Rathbone Multi Asset Strategic Gr S Acc,0.963270694
12/06/2010,Rathbone Multi Asset Strategic Gr S Acc,0.968473365
12/07/2010,Rathbone Multi Asset Strategic Gr S Acc,0.970181705
12/08/2010,Rathbone Multi Asset Strategic Gr S Acc,0.971035875
12/09/2010,Rathbone Multi Asset Strategic Gr S Acc,0.968473365
12/10/2010,Rathbone Multi Asset Strategic Gr S Acc,0.969560491
12/11/2010,Rathbone Multi Asset Strategic Gr S Acc,0.969560491
12/12/2010,Rathbone Multi Asset Strategic Gr S Acc,0.969560491
12/13/2010,Rathbone Multi Asset Strategic Gr S Acc,0.970958223
12/14/2010,Rathbone Multi Asset Strategic Gr S Acc,0.971812393
12/15/2010,Rathbone Multi Asset Strategic Gr S Acc,0.973753688
12/16/2010,Rathbone Multi Asset Strategic Gr S Acc,0.975617332
12/17/2010,Rathbone Multi Asset Strategic Gr S Acc,0.975694984
12/18/2010,Rathbone Multi Asset Strategic Gr S Acc,0.975694984
12/19/2010,Rathbone Multi Asset Strategic Gr S Acc,0.975694984
12/20/2010,Rathbone Multi Asset Strategic Gr S Acc,0.978801056
12/21/2010,Rathbone Multi Asset Strategic Gr S Acc,0.980043485
12/22/2010,Rathbone Multi Asset Strategic Gr S Acc,0.982450691
12/23/2010,Rathbone Multi Asset Strategic Gr S Acc,0.986022674
12/24/2010,Rathbone Multi Asset Strategic Gr S Acc,0.987808666
12/25/2010,Rathbone Multi Asset Strategic Gr S Acc,0.987808666
12/26/2010,Rathbone Multi Asset Strategic Gr S Acc,0.987808666
12/27/2010,Rathbone Multi Asset Strategic Gr S Acc,0.987808666
12/28/2010,Rathbone Multi Asset Strategic Gr S Acc,0.987808666
12/29/2010,Rathbone Multi Asset Strategic Gr S Acc,0.989128747
12/30/2010,Rathbone Multi Asset Strategic Gr S Acc,0.989361702
12/31/2010,Rathbone Multi Asset Strategic Gr S Acc,0.989128747
01/01/2011,Rathbone Multi Asset Strategic Gr S Acc,0.989128747
01/02/2011,Rathbone Multi Asset Strategic Gr S Acc,0.989128747
01/03/2011,Rathbone Multi Asset Strategic Gr S Acc,0.989128747
01/04/2011,Rathbone Multi Asset Strategic Gr S Acc,0.990681783
01/05/2011,Rathbone Multi Asset Strategic Gr S Acc,0.990526479
01/06/2011,Rathbone Multi Asset Strategic Gr S Acc,0.991535953
01/07/2011,Rathbone Multi Asset Strategic Gr S Acc,0.992545426
01/08/2011,Rathbone Multi Asset Strategic Gr S Acc,0.992545426
01/09/2011,Rathbone Multi Asset Strategic Gr S Acc,0.992545426
01/10/2011,Rathbone Multi Asset Strategic Gr S Acc,0.99270073
01/11/2011,Rathbone Multi Asset Strategic Gr S Acc,0.988740488
01/12/2011,Rathbone Multi Asset Strategic Gr S Acc,0.987808666
01/13/2011,Rathbone Multi Asset Strategic Gr S Acc,0.989749961
01/14/2011,Rathbone Multi Asset Strategic Gr S Acc,0.988895791
01/15/2011,Rathbone Multi Asset Strategic Gr S Acc,0.988895791
01/16/2011,Rathbone Multi Asset Strategic Gr S Acc,0.988895791
01/17/2011,Rathbone Multi Asset Strategic Gr S Acc,0.986488585
01/18/2011,Rathbone Multi Asset Strategic Gr S Acc,0.98796397
01/19/2011,Rathbone Multi Asset Strategic Gr S Acc,0.98842988
01/20/2011,Rathbone Multi Asset Strategic Gr S Acc,0.987342755
01/21/2011,Rathbone Multi Asset Strategic Gr S Acc,0.981441218
01/22/2011,Rathbone Multi Asset Strategic Gr S Acc,0.981441218
01/23/2011,Rathbone Multi Asset Strategic Gr S Acc,0.981441218
01/24/2011,Rathbone Multi Asset Strategic Gr S Acc,0.979344619
01/25/2011,Rathbone Multi Asset Strategic Gr S Acc,0.977636279
01/26/2011,Rathbone Multi Asset Strategic Gr S Acc,0.982062432
01/27/2011,Rathbone Multi Asset Strategic Gr S Acc,0.984236683
01/28/2011,Rathbone Multi Asset Strategic Gr S Acc,0.980431744
01/29/2011,Rathbone Multi Asset Strategic Gr S Acc,0.980431744
01/30/2011,Rathbone Multi Asset Strategic Gr S Acc,0.980431744
01/31/2011,Rathbone Multi Asset Strategic Gr S Acc,0.979266967
02/01/2011,Rathbone Multi Asset Strategic Gr S Acc,0.974763162
02/02/2011,Rathbone Multi Asset Strategic Gr S Acc,0.976005591
02/03/2011,Rathbone Multi Asset Strategic Gr S Acc,0.980509396
02/04/2011,Rathbone Multi Asset Strategic Gr S Acc,0.980431744
02/05/2011,Rathbone Multi Asset Strategic Gr S Acc,0.980431744
02/06/2011,Rathbone Multi Asset Strategic Gr S Acc,0.980431744
02/07/2011,Rathbone Multi Asset Strategic Gr S Acc,0.983460165
02/08/2011,Rathbone Multi Asset Strategic Gr S Acc,0.983382513
02/09/2011,Rathbone Multi Asset Strategic Gr S Acc,0.984702594
02/10/2011,Rathbone Multi Asset Strategic Gr S Acc,0.983770772
02/11/2011,Rathbone Multi Asset Strategic Gr S Acc,0.982683647
02/12/2011,Rathbone Multi Asset Strategic Gr S Acc,0.982683647
02/13/2011,Rathbone Multi Asset Strategic Gr S Acc,0.982683647
02/14/2011,Rathbone Multi Asset Strategic Gr S Acc,0.982217736
02/15/2011,Rathbone Multi Asset Strategic Gr S Acc,0.985090853
02/16/2011,Rathbone Multi Asset Strategic Gr S Acc,0.983848424
02/17/2011,Rathbone Multi Asset Strategic Gr S Acc,0.983848424
02/18/2011,Rathbone Multi Asset Strategic Gr S Acc,0.985323808
02/19/2011,Rathbone Multi Asset Strategic Gr S Acc,0.985323808
02/20/2011,Rathbone Multi Asset Strategic Gr S Acc,0.985323808
02/21/2011,Rathbone Multi Asset Strategic Gr S Acc,0.986177978
02/22/2011,Rathbone Multi Asset Strategic Gr S Acc,0.984391986
02/23/2011,Rathbone Multi Asset Strategic Gr S Acc,0.980431744
02/24/2011,Rathbone Multi Asset Strategic Gr S Acc,0.978568101
02/25/2011,Rathbone Multi Asset Strategic Gr S Acc,0.977403323
02/26/2011,Rathbone Multi Asset Strategic Gr S Acc,0.977403323
02/27/2011,Rathbone Multi Asset Strategic Gr S Acc,0.977403323
02/28/2011,Rathbone Multi Asset Strategic Gr S Acc,0.980121137
03/01/2011,Rathbone Multi Asset Strategic Gr S Acc,0.981674173
03/02/2011,Rathbone Multi Asset Strategic Gr S Acc,0.982528343
03/03/2011,Rathbone Multi Asset Strategic Gr S Acc,0.978024538
03/04/2011,Rathbone Multi Asset Strategic Gr S Acc,0.981751825
03/05/2011,Rathbone Multi Asset Strategic Gr S Acc,0.981751825
03/06/2011,Rathbone Multi Asset Strategic Gr S Acc,0.981751825
03/07/2011,Rathbone Multi Asset Strategic Gr S Acc,0.985712067
03/08/2011,Rathbone Multi Asset Strategic Gr S Acc,0.986100326
03/09/2011,Rathbone Multi Asset Strategic Gr S Acc,0.983304861
03/10/2011,Rathbone Multi Asset Strategic Gr S Acc,0.98283895
03/11/2011,Rathbone Multi Asset Strategic Gr S Acc,0.978878708
03/12/2011,Rathbone Multi Asset Strategic Gr S Acc,0.978878708
03/13/2011,Rathbone Multi Asset Strategic Gr S Acc,0.978878708
03/14/2011,Rathbone Multi Asset Strategic Gr S Acc,0.976238546
03/15/2011,Rathbone Multi Asset Strategic Gr S Acc,0.968706321
03/16/2011,Rathbone Multi Asset Strategic Gr S Acc,0.956592639
03/17/2011,Rathbone Multi Asset Strategic Gr S Acc,0.960009318
03/18/2011,Rathbone Multi Asset Strategic Gr S Acc,0.961174095
03/19/2011,Rathbone Multi Asset Strategic Gr S Acc,0.961174095
03/20/2011,Rathbone Multi Asset Strategic Gr S Acc,0.961174095
03/21/2011,Rathbone Multi Asset Strategic Gr S Acc,0.961872962
03/22/2011,Rathbone Multi Asset Strategic Gr S Acc,0.965755552
03/23/2011,Rathbone Multi Asset Strategic Gr S Acc,0.969793446
03/24/2011,Rathbone Multi Asset Strategic Gr S Acc,0.97080292
03/25/2011,Rathbone Multi Asset Strategic Gr S Acc,0.976782109
03/26/2011,Rathbone Multi Asset Strategic Gr S Acc,0.976782109
03/27/2011,Rathbone Multi Asset Strategic Gr S Acc,0.976782109
03/28/2011,Rathbone Multi Asset Strategic Gr S Acc,0.981829477
03/29/2011,Rathbone Multi Asset Strategic Gr S Acc,0.983227209
03/30/2011,Rathbone Multi Asset Strategic Gr S Acc,0.98369312
03/31/2011,Rathbone Multi Asset Strategic Gr S Acc,0.9871098
04/01/2011,Rathbone Multi Asset Strategic Gr S Acc,0.989361702
04/02/2011,Rathbone Multi Asset Strategic Gr S Acc,0.989361702
04/03/2011,Rathbone Multi Asset Strategic Gr S Acc,0.989361702
04/04/2011,Rathbone Multi Asset Strategic Gr S Acc,0.990293524
04/05/2011,Rathbone Multi Asset Strategic Gr S Acc,0.993321944
04/06/2011,Rathbone Multi Asset Strategic Gr S Acc,0.99270073
04/07/2011,Rathbone Multi Asset Strategic Gr S Acc,0.993865507
04/08/2011,Rathbone Multi Asset Strategic Gr S Acc,0.992778382
04/09/2011,Rathbone Multi Asset Strategic Gr S Acc,0.992778382
04/10/2011,Rathbone Multi Asset Strategic Gr S Acc,0.992778382
04/11/2011,Rathbone Multi Asset Strategic Gr S Acc,0.994331418
04/12/2011,Rathbone Multi Asset Strategic Gr S Acc,0.992390123
04/13/2011,Rathbone Multi Asset Strategic Gr S Acc,0.989905265
04/14/2011,Rathbone Multi Asset Strategic Gr S Acc,0.989827613
04/15/2011,Rathbone Multi Asset Strategic Gr S Acc,0.988895791
04/16/2011,Rathbone Multi Asset Strategic Gr S Acc,0.988895791
04/17/2011,Rathbone Multi Asset Strategic Gr S Acc,0.988895791
04/18/2011,Rathbone Multi Asset Strategic Gr S Acc,0.989206399
04/19/2011,Rathbone Multi Asset Strategic Gr S Acc,0.987498059
04/20/2011,Rathbone Multi Asset Strategic Gr S Acc,0.985945023
04/21/2011,Rathbone Multi Asset Strategic Gr S Acc,0.991302997
04/22/2011,Rathbone Multi Asset Strategic Gr S Acc,0.991302997
04/23/2011,Rathbone Multi Asset Strategic Gr S Acc,0.991302997
04/24/2011,Rathbone Multi Asset Strategic Gr S Acc,0.991302997
04/25/2011,Rathbone Multi Asset Strategic Gr S Acc,0.991302997
04/26/2011,Rathbone Multi Asset Strategic Gr S Acc,0.994564373
04/27/2011,Rathbone Multi Asset Strategic Gr S Acc,0.995651499
04/28/2011,Rathbone Multi Asset Strategic Gr S Acc,0.997670446
04/29/2011,Rathbone Multi Asset Strategic Gr S Acc,0.997670446
04/30/2011,Rathbone Multi Asset Strategic Gr S Acc,0.997670446
05/01/2011,Rathbone Multi Asset Strategic Gr S Acc,0.997670446
05/02/2011,Rathbone Multi Asset Strategic Gr S Acc,0.997670446
05/03/2011,Rathbone Multi Asset Strategic Gr S Acc,0.998446964
05/04/2011,Rathbone Multi Asset Strategic Gr S Acc,1.000465911
05/05/2011,Rathbone Multi Asset Strategic Gr S Acc,0.997359838
05/06/2011,Rathbone Multi Asset Strategic Gr S Acc,0.996195061
05/07/2011,Rathbone Multi Asset Strategic Gr S Acc,0.996195061
05/08/2011,Rathbone Multi Asset Strategic Gr S Acc,0.996195061
05/09/2011,Rathbone Multi Asset Strategic Gr S Acc,0.994564373
05/10/2011,Rathbone Multi Asset Strategic Gr S Acc,0.997592794
05/11/2011,Rathbone Multi Asset Strategic Gr S Acc,1.000931822
05/12/2011,Rathbone Multi Asset Strategic Gr S Acc,1.000698866
05/13/2011,Rathbone Multi Asset Strategic Gr S Acc,0.997981053
05/14/2011,Rathbone Multi Asset Strategic Gr S Acc,0.997981053
05/15/2011,Rathbone Multi Asset Strategic Gr S Acc,0.997981053
05/16/2011,Rathbone Multi Asset Strategic Gr S Acc,1.000465911
05/17/2011,Rathbone Multi Asset Strategic Gr S Acc,0.995884454
05/18/2011,Rathbone Multi Asset Strategic Gr S Acc,0.994874981
05/19/2011,Rathbone Multi Asset Strategic Gr S Acc,0.996893928
05/20/2011,Rathbone Multi Asset Strategic Gr S Acc,0.999534089
05/21/2011,Rathbone Multi Asset Strategic Gr S Acc,0.999534089
05/22/2011,Rathbone Multi Asset Strategic Gr S Acc,0.999534089
05/23/2011,Rathbone Multi Asset Strategic Gr S Acc,0.998679919
05/24/2011,Rathbone Multi Asset Strategic Gr S Acc,0.993011337
05/25/2011,Rathbone Multi Asset Strategic Gr S Acc,0.99099239
05/26/2011,Rathbone Multi Asset Strategic Gr S Acc,0.990215872
05/27/2011,Rathbone Multi Asset Strategic Gr S Acc,0.992079515
05/28/2011,Rathbone Multi Asset Strategic Gr S Acc,0.992079515
05/29/2011,Rathbone Multi Asset Strategic Gr S Acc,0.992079515
05/30/2011,Rathbone Multi Asset Strategic Gr S Acc,0.992079515
05/31/2011,Rathbone Multi Asset Strategic Gr S Acc,0.994020811
06/01/2011,Rathbone Multi Asset Strategic Gr S Acc,0.998524616
06/02/2011,Rathbone Multi Asset Strategic Gr S Acc,1.000931822
06/03/2011,Rathbone Multi Asset Strategic Gr S Acc,0.99611741
06/04/2011,Rathbone Multi Asset Strategic Gr S Acc,0.99611741
06/05/2011,Rathbone Multi Asset Strategic Gr S Acc,0.99611741
06/06/2011,Rathbone Multi Asset Strategic Gr S Acc,0.994176114
06/07/2011,Rathbone Multi Asset Strategic Gr S Acc,0.993088989
06/08/2011,Rathbone Multi Asset Strategic Gr S Acc,0.992778382
06/09/2011,Rathbone Multi Asset Strategic Gr S Acc,0.990448827
06/10/2011,Rathbone Multi Asset Strategic Gr S Acc,0.989672309
06/11/2011,Rathbone Multi Asset Strategic Gr S Acc,0.989672309
06/12/2011,Rathbone Multi Asset Strategic Gr S Acc,0.989672309
06/13/2011,Rathbone Multi Asset Strategic Gr S Acc,0.990604131
06/14/2011,Rathbone Multi Asset Strategic Gr S Acc,0.986566237
06/15/2011,Rathbone Multi Asset Strategic Gr S Acc,0.98796397
06/16/2011,Rathbone Multi Asset Strategic Gr S Acc,0.988585184
06/17/2011,Rathbone Multi Asset Strategic Gr S Acc,0.981829477
06/18/2011,Rathbone Multi Asset Strategic Gr S Acc,0.981829477
06/19/2011,Rathbone Multi Asset Strategic Gr S Acc,0.981829477
06/20/2011,Rathbone Multi Asset Strategic Gr S Acc,0.981208262
06/21/2011,Rathbone Multi Asset Strategic Gr S Acc,0.979888181
06/22/2011,Rathbone Multi Asset Strategic Gr S Acc,0.983227209
06/23/2011,Rathbone Multi Asset Strategic Gr S Acc,0.987420407
06/24/2011,Rathbone Multi Asset Strategic Gr S Acc,0.985634415
06/25/2011,Rathbone Multi Asset Strategic Gr S Acc,0.985634415
06/26/2011,Rathbone Multi Asset Strategic Gr S Acc,0.985634415
06/27/2011,Rathbone Multi Asset Strategic Gr S Acc,0.985013201
06/28/2011,Rathbone Multi Asset Strategic Gr S Acc,0.983848424
06/29/2011,Rathbone Multi Asset Strategic Gr S Acc,0.98540146
06/30/2011,Rathbone Multi Asset Strategic Gr S Acc,0.991380649
07/01/2011,Rathbone Multi Asset Strategic Gr S Acc,0.994797329
07/02/2011,Rathbone Multi Asset Strategic Gr S Acc,0.994797329
07/03/2011,Rathbone Multi Asset Strategic Gr S Acc,0.994797329
07/04/2011,Rathbone Multi Asset Strategic Gr S Acc,0.998757571
07/05/2011,Rathbone Multi Asset Strategic Gr S Acc,1.001164777
07/06/2011,Rathbone Multi Asset Strategic Gr S Acc,1.004348501
07/07/2011,Rathbone Multi Asset Strategic Gr S Acc,1.005823886
07/08/2011,Rathbone Multi Asset Strategic Gr S Acc,1.007842833
07/09/2011,Rathbone Multi Asset Strategic Gr S Acc,1.007842833
07/10/2011,Rathbone Multi Asset Strategic Gr S Acc,1.007842833
07/11/2011,Rathbone Multi Asset Strategic Gr S Acc,1.010405342
07/12/2011,Rathbone Multi Asset Strategic Gr S Acc,1.003494331
07/13/2011,Rathbone Multi Asset Strategic Gr S Acc,0.996816276
07/14/2011,Rathbone Multi Asset Strategic Gr S Acc,0.996195061
07/15/2011,Rathbone Multi Asset Strategic Gr S Acc,0.996816276
07/16/2011,Rathbone Multi Asset Strategic Gr S Acc,0.996816276
07/17/2011,Rathbone Multi Asset Strategic Gr S Acc,0.996816276
07/18/2011,Rathbone Multi Asset Strategic Gr S Acc,0.995107936
07/19/2011,Rathbone Multi Asset Strategic Gr S Acc,0.99184656
07/20/2011,Rathbone Multi Asset Strategic Gr S Acc,0.992157167
07/21/2011,Rathbone Multi Asset Strategic Gr S Acc,0.994797329
07/22/2011,Rathbone Multi Asset Strategic Gr S Acc,0.993865507
07/23/2011,Rathbone Multi Asset Strategic Gr S Acc,0.993865507
07/24/2011,Rathbone Multi Asset Strategic Gr S Acc,0.993865507
07/25/2011,Rathbone Multi Asset Strategic Gr S Acc,0.998835223
07/26/2011,Rathbone Multi Asset Strategic Gr S Acc,0.99829166
07/27/2011,Rathbone Multi Asset Strategic Gr S Acc,0.998524616
07/28/2011,Rathbone Multi Asset Strategic Gr S Acc,0.997515142
07/29/2011,Rathbone Multi Asset Strategic Gr S Acc,0.992234819
07/30/2011,Rathbone Multi Asset Strategic Gr S Acc,0.992234819
07/31/2011,Rathbone Multi Asset Strategic Gr S Acc,0.992234819
08/01/2011,Rathbone Multi Asset Strategic Gr S Acc,0.992390123
08/02/2011,Rathbone Multi Asset Strategic Gr S Acc,0.992157167
08/03/2011,Rathbone Multi Asset Strategic Gr S Acc,0.985090853
08/04/2011,Rathbone Multi Asset Strategic Gr S Acc,0.97639385
08/05/2011,Rathbone Multi Asset Strategic Gr S Acc,0.959698711
08/06/2011,Rathbone Multi Asset Strategic Gr S Acc,0.959698711
08/07/2011,Rathbone Multi Asset Strategic Gr S Acc,0.959698711
08/08/2011,Rathbone Multi Asset Strategic Gr S Acc,0.942382358
08/09/2011,Rathbone Multi Asset Strategic Gr S Acc,0.926386085
08/10/2011,Rathbone Multi Asset Strategic Gr S Acc,0.927550862
08/11/2011,Rathbone Multi Asset Strategic Gr S Acc,0.935393695
08/12/2011,Rathbone Multi Asset Strategic Gr S Acc,0.93220997
08/13/2011,Rathbone Multi Asset Strategic Gr S Acc,0.93220997
08/14/2011,Rathbone Multi Asset Strategic Gr S Acc,0.93220997
08/15/2011,Rathbone Multi Asset Strategic Gr S Acc,0.942615313
08/16/2011,Rathbone Multi Asset Strategic Gr S Acc,0.946653207
08/17/2011,Rathbone Multi Asset Strategic Gr S Acc,0.945643733
08/18/2011,Rathbone Multi Asset Strategic Gr S Acc,0.943624786
08/19/2011,Rathbone Multi Asset Strategic Gr S Acc,0.930191023
08/20/2011,Rathbone Multi Asset Strategic Gr S Acc,0.930191023
08/21/2011,Rathbone Multi Asset Strategic Gr S Acc,0.930191023
08/22/2011,Rathbone Multi Asset Strategic Gr S Acc,0.921726976
08/23/2011,Rathbone Multi Asset Strategic Gr S Acc,0.924367138
08/24/2011,Rathbone Multi Asset Strategic Gr S Acc,0.925143656
08/25/2011,Rathbone Multi Asset Strategic Gr S Acc,0.926075478
08/26/2011,Rathbone Multi Asset Strategic Gr S Acc,0.92832738
08/27/2011,Rathbone Multi Asset Strategic Gr S Acc,0.92832738
08/28/2011,Rathbone Multi Asset Strategic Gr S Acc,0.92832738
08/29/2011,Rathbone Multi Asset Strategic Gr S Acc,0.92832738
08/30/2011,Rathbone Multi Asset Strategic Gr S Acc,0.928715639
08/31/2011,Rathbone Multi Asset Strategic Gr S Acc,0.938422115
09/01/2011,Rathbone Multi Asset Strategic Gr S Acc,0.946653207
09/02/2011,Rathbone Multi Asset Strategic Gr S Acc,0.945799037
09/03/2011,Rathbone Multi Asset Strategic Gr S Acc,0.945799037
09/04/2011,Rathbone Multi Asset Strategic Gr S Acc,0.945799037
09/05/2011,Rathbone Multi Asset Strategic Gr S Acc,0.939742196
09/06/2011,Rathbone Multi Asset Strategic Gr S Acc,0.934461873
09/07/2011,Rathbone Multi Asset Strategic Gr S Acc,0.93391831
09/08/2011,Rathbone Multi Asset Strategic Gr S Acc,0.938888026
09/09/2011,Rathbone Multi Asset Strategic Gr S Acc,0.942382358
09/10/2011,Rathbone Multi Asset Strategic Gr S Acc,0.942382358
09/11/2011,Rathbone Multi Asset Strategic Gr S Acc,0.942382358
09/12/2011,Rathbone Multi Asset Strategic Gr S Acc,0.933840658
09/13/2011,Rathbone Multi Asset Strategic Gr S Acc,0.925376611
09/14/2011,Rathbone Multi Asset Strategic Gr S Acc,0.928870943
09/15/2011,Rathbone Multi Asset Strategic Gr S Acc,0.932753533
09/16/2011,Rathbone Multi Asset Strategic Gr S Acc,0.93904333
09/17/2011,Rathbone Multi Asset Strategic Gr S Acc,0.93904333
09/18/2011,Rathbone Multi Asset Strategic Gr S Acc,0.93904333
09/19/2011,Rathbone Multi Asset Strategic Gr S Acc,0.939975151
09/20/2011,Rathbone Multi Asset Strategic Gr S Acc,0.937567945
09/21/2011,Rathbone Multi Asset Strategic Gr S Acc,0.938499767
09/22/2011,Rathbone Multi Asset Strategic Gr S Acc,0.929414505
09/23/2011,Rathbone Multi Asset Strategic Gr S Acc,0.916213698
09/24/2011,Rathbone Multi Asset Strategic Gr S Acc,0.916213698
09/25/2011,Rathbone Multi Asset Strategic Gr S Acc,0.916213698
09/26/2011,Rathbone Multi Asset Strategic Gr S Acc,0.908370865
09/27/2011,Rathbone Multi Asset Strategic Gr S Acc,0.914194751
09/28/2011,Rathbone Multi Asset Strategic Gr S Acc,0.919940985
09/29/2011,Rathbone Multi Asset Strategic Gr S Acc,0.920717503
09/30/2011,Rathbone Multi Asset Strategic Gr S Acc,0.916990216
10/01/2011,Rathbone Multi Asset Strategic Gr S Acc,0.916990216
10/02/2011,Rathbone Multi Asset Strategic Gr S Acc,0.916990216
10/03/2011,Rathbone Multi Asset Strategic Gr S Acc,0.913651188
10/04/2011,Rathbone Multi Asset Strategic Gr S Acc,0.902935238
10/05/2011,Rathbone Multi Asset Strategic Gr S Acc,0.898819692
10/06/2011,Rathbone Multi Asset Strategic Gr S Acc,0.905730704
10/07/2011,Rathbone Multi Asset Strategic Gr S Acc,0.913185277
10/08/2011,Rathbone Multi Asset Strategic Gr S Acc,0.913185277
10/09/2011,Rathbone Multi Asset Strategic Gr S Acc,0.913185277
10/10/2011,Rathbone Multi Asset Strategic Gr S Acc,0.915592483
10/11/2011,Rathbone Multi Asset Strategic Gr S Acc,0.917067868
10/12/2011,Rathbone Multi Asset Strategic Gr S Acc,0.924367138
10/13/2011,Rathbone Multi Asset Strategic Gr S Acc,0.927240255
10/14/2011,Rathbone Multi Asset Strategic Gr S Acc,0.929647461
10/15/2011,Rathbone Multi Asset Strategic Gr S Acc,0.929647461
10/16/2011,Rathbone Multi Asset Strategic Gr S Acc,0.929647461
10/17/2011,Rathbone Multi Asset Strategic Gr S Acc,0.932287622
10/18/2011,Rathbone Multi Asset Strategic Gr S Acc,0.931433452
10/19/2011,Rathbone Multi Asset Strategic Gr S Acc,0.927939121
10/20/2011,Rathbone Multi Asset Strategic Gr S Acc,0.929880416
10/21/2011,Rathbone Multi Asset Strategic Gr S Acc,0.92747321
10/22/2011,Rathbone Multi Asset Strategic Gr S Acc,0.92747321
10/23/2011,Rathbone Multi Asset Strategic Gr S Acc,0.92747321
10/24/2011,Rathbone Multi Asset Strategic Gr S Acc,0.928405032
10/25/2011,Rathbone Multi Asset Strategic Gr S Acc,0.934461873
10/26/2011,Rathbone Multi Asset Strategic Gr S Acc,0.937412642
10/27/2011,Rathbone Multi Asset Strategic Gr S Acc,0.940208107
10/28/2011,Rathbone Multi Asset Strategic Gr S Acc,0.949526324
10/29/2011,Rathbone Multi Asset Strategic Gr S Acc,0.949526324
10/30/2011,Rathbone Multi Asset Strategic Gr S Acc,0.949526324
10/31/2011,Rathbone Multi Asset Strategic Gr S Acc,0.953020655
11/01/2011,Rathbone Multi Asset Strategic Gr S Acc,0.946031993
11/02/2011,Rathbone Multi Asset Strategic Gr S Acc,0.93818916
11/03/2011,Rathbone Multi Asset Strategic Gr S Acc,0.935005436
11/04/2011,Rathbone Multi Asset Strategic Gr S Acc,0.940906973
11/05/2011,Rathbone Multi Asset Strategic Gr S Acc,0.940906973
11/06/2011,Rathbone Multi Asset Strategic Gr S Acc,0.940906973
11/07/2011,Rathbone Multi Asset Strategic Gr S Acc,0.942382358
11/08/2011,Rathbone Multi Asset Strategic Gr S Acc,0.940829321
11/09/2011,Rathbone Multi Asset Strategic Gr S Acc,0.939819848
11/10/2011,Rathbone Multi Asset Strategic Gr S Acc,0.938344463
11/11/2011,Rathbone Multi Asset Strategic Gr S Acc,0.934694828
11/12/2011,Rathbone Multi Asset Strategic Gr S Acc,0.934694828
11/13/2011,Rathbone Multi Asset Strategic Gr S Acc,0.934694828
11/14/2011,Rathbone Multi Asset Strategic Gr S Acc,0.936946731
11/15/2011,Rathbone Multi Asset Strategic Gr S Acc,0.938422115
11/16/2011,Rathbone Multi Asset Strategic Gr S Acc,0.938422115
11/17/2011,Rathbone Multi Asset Strategic Gr S Acc,0.935859606
11/18/2011,Rathbone Multi Asset Strategic Gr S Acc,0.931122845
11/19/2011,Rathbone Multi Asset Strategic Gr S Acc,0.931122845
11/20/2011,Rathbone Multi Asset Strategic Gr S Acc,0.931122845
11/21/2011,Rathbone Multi Asset Strategic Gr S Acc,0.924211834
11/22/2011,Rathbone Multi Asset Strategic Gr S Acc,0.920329244
11/23/2011,Rathbone Multi Asset Strategic Gr S Acc,0.916834912
11/24/2011,Rathbone Multi Asset Strategic Gr S Acc,0.912641715
11/25/2011,Rathbone Multi Asset Strategic Gr S Acc,0.909768598
11/26/2011,Rathbone Multi Asset Strategic Gr S Acc,0.909768598
11/27/2011,Rathbone Multi Asset Strategic Gr S Acc,0.909768598
11/28/2011,Rathbone Multi Asset Strategic Gr S Acc,0.909613294
11/29/2011,Rathbone Multi Asset Strategic Gr S Acc,0.916058394
11/30/2011,Rathbone Multi Asset Strategic Gr S Acc,0.922348191
12/01/2011,Rathbone Multi Asset Strategic Gr S Acc,0.927395558
12/02/2011,Rathbone Multi Asset Strategic Gr S Acc,0.926851996
12/03/2011,Rathbone Multi Asset Strategic Gr S Acc,0.926851996
12/04/2011,Rathbone Multi Asset Strategic Gr S Acc,0.926851996
12/05/2011,Rathbone Multi Asset Strategic Gr S Acc,0.939742196
12/06/2011,Rathbone Multi Asset Strategic Gr S Acc,0.940285759
12/07/2011,Rathbone Multi Asset Strategic Gr S Acc,0.940829321
12/08/2011,Rathbone Multi Asset Strategic Gr S Acc,0.938344463
12/09/2011,Rathbone Multi Asset Strategic Gr S Acc,0.934617177
12/10/2011,Rathbone Multi Asset Strategic Gr S Acc,0.934617177
12/11/2011,Rathbone Multi Asset Strategic Gr S Acc,0.934617177
12/12/2011,Rathbone Multi Asset Strategic Gr S Acc,0.930501631
12/13/2011,Rathbone Multi Asset Strategic Gr S Acc,0.931588756
12/14/2011,Rathbone Multi Asset Strategic Gr S Acc,0.927939121
12/15/2011,Rathbone Multi Asset Strategic Gr S Acc,0.923435316
12/16/2011,Rathbone Multi Asset Strategic Gr S Acc,0.920639851
12/17/2011,Rathbone Multi Asset Strategic Gr S Acc,0.920639851
12/18/2011,Rathbone Multi Asset Strategic Gr S Acc,0.920639851
12/19/2011,Rathbone Multi Asset Strategic Gr S Acc,0.920795155
12/20/2011,Rathbone Multi Asset Strategic Gr S Acc,0.917844386
12/21/2011,Rathbone Multi Asset Strategic Gr S Acc,0.917999689
12/22/2011,Rathbone Multi Asset Strategic Gr S Acc,0.923124709
12/23/2011,Rathbone Multi Asset Strategic Gr S Acc,0.922891753
12/24/2011,Rathbone Multi Asset Strategic Gr S Acc,0.922891753
12/25/2011,Rathbone Multi Asset Strategic Gr S Acc,0.922891753
12/26/2011,Rathbone Multi Asset Strategic Gr S Acc,0.922891753
12/27/2011,Rathbone Multi Asset Strategic Gr S Acc,0.922891753
12/28/2011,Rathbone Multi Asset Strategic Gr S Acc,0.92661904
12/29/2011,Rathbone Multi Asset Strategic Gr S Acc,0.928405032
12/30/2011,Rathbone Multi Asset Strategic Gr S Acc,0.928249728
12/31/2011,Rathbone Multi Asset Strategic Gr S Acc,0.928249728
01/01/2012,Rathbone Multi Asset Strategic Gr S Acc,0.928249728
01/02/2012,Rathbone Multi Asset Strategic Gr S Acc,0.928249728
01/03/2012,Rathbone Multi Asset Strategic Gr S Acc,0.931200497
01/04/2012,Rathbone Multi Asset Strategic Gr S Acc,0.937723249
01/05/2012,Rathbone Multi Asset Strategic Gr S Acc,0.937024383
01/06/2012,Rathbone Multi Asset Strategic Gr S Acc,0.937024383
01/07/2012,Rathbone Multi Asset Strategic Gr S Acc,0.937024383
01/08/2012,Rathbone Multi Asset Strategic Gr S Acc,0.937024383
01/09/2012,Rathbone Multi Asset Strategic Gr S Acc,0.938499767
01/10/2012,Rathbone Multi Asset Strategic Gr S Acc,0.939742196
01/11/2012,Rathbone Multi Asset Strategic Gr S Acc,0.94378009
01/12/2012,Rathbone Multi Asset Strategic Gr S Acc,0.94463426
01/13/2012,Rathbone Multi Asset Strategic Gr S Acc,0.947507377
01/14/2012,Rathbone Multi Asset Strategic Gr S Acc,0.947507377
01/15/2012,Rathbone Multi Asset Strategic Gr S Acc,0.947507377
01/16/2012,Rathbone Multi Asset Strategic Gr S Acc,0.948206243
01/17/2012,Rathbone Multi Asset Strategic Gr S Acc,0.948594502
01/18/2012,Rathbone Multi Asset Strategic Gr S Acc,0.951545271
01/19/2012,Rathbone Multi Asset Strategic Gr S Acc,0.953175959
01/20/2012,Rathbone Multi Asset Strategic Gr S Acc,0.955583165
01/21/2012,Rathbone Multi Asset Strategic Gr S Acc,0.955583165
01/22/2012,Rathbone Multi Asset Strategic Gr S Acc,0.955583165
01/23/2012,Rathbone Multi Asset Strategic Gr S Acc,0.956980898
01/24/2012,Rathbone Multi Asset Strategic Gr S Acc,0.955971424
01/25/2012,Rathbone Multi Asset Strategic Gr S Acc,0.956049076
01/26/2012,Rathbone Multi Asset Strategic Gr S Acc,0.956437335
01/27/2012,Rathbone Multi Asset Strategic Gr S Acc,0.961018792
01/28/2012,Rathbone Multi Asset Strategic Gr S Acc,0.961018792
01/29/2012,Rathbone Multi Asset Strategic Gr S Acc,0.961018792
01/30/2012,Rathbone Multi Asset Strategic Gr S Acc,0.958844541
01/31/2012,Rathbone Multi Asset Strategic Gr S Acc,0.957912719
02/01/2012,Rathbone Multi Asset Strategic Gr S Acc,0.959465756
02/02/2012,Rathbone Multi Asset Strategic Gr S Acc,0.962028265
02/03/2012,Rathbone Multi Asset Strategic Gr S Acc,0.965289641
02/04/2012,Rathbone Multi Asset Strategic Gr S Acc,0.965289641
02/05/2012,Rathbone Multi Asset Strategic Gr S Acc,0.965289641
02/06/2012,Rathbone Multi Asset Strategic Gr S Acc,0.969560491
02/07/2012,Rathbone Multi Asset Strategic Gr S Acc,0.972045349
02/08/2012,Rathbone Multi Asset Strategic Gr S Acc,0.97165709
02/09/2012,Rathbone Multi Asset Strategic Gr S Acc,0.974374903
02/10/2012,Rathbone Multi Asset Strategic Gr S Acc,0.974918466
02/11/2012,Rathbone Multi Asset Strategic Gr S Acc,0.974918466
02/12/2012,Rathbone Multi Asset Strategic Gr S Acc,0.974918466
02/13/2012,Rathbone Multi Asset Strategic Gr S Acc,0.975073769
02/14/2012,Rathbone Multi Asset Strategic Gr S Acc,0.975384376
02/15/2012,Rathbone Multi Asset Strategic Gr S Acc,0.978878708
02/16/2012,Rathbone Multi Asset Strategic Gr S Acc,0.979577574
02/17/2012,Rathbone Multi Asset Strategic Gr S Acc,0.977713931
02/18/2012,Rathbone Multi Asset Strategic Gr S Acc,0.977713931
02/19/2012,Rathbone Multi Asset Strategic Gr S Acc,0.977713931
02/20/2012,Rathbone Multi Asset Strategic Gr S Acc,0.982217736
02/21/2012,Rathbone Multi Asset Strategic Gr S Acc,0.983460165
02/22/2012,Rathbone Multi Asset Strategic Gr S Acc,0.984780245
02/23/2012,Rathbone Multi Asset Strategic Gr S Acc,0.986566237
02/24/2012,Rathbone Multi Asset Strategic Gr S Acc,0.98625563
02/25/2012,Rathbone Multi Asset Strategic Gr S Acc,0.98625563
02/26/2012,Rathbone Multi Asset Strategic Gr S Acc,0.98625563
02/27/2012,Rathbone Multi Asset Strategic Gr S Acc,0.987032148
02/28/2012,Rathbone Multi Asset Strategic Gr S Acc,0.984702594
02/29/2012,Rathbone Multi Asset Strategic Gr S Acc,0.988119273
03/01/2012,Rathbone Multi Asset Strategic Gr S Acc,0.989051095
03/02/2012,Rathbone Multi Asset Strategic Gr S Acc,0.989517006
03/03/2012,Rathbone Multi Asset Strategic Gr S Acc,0.989517006
03/04/2012,Rathbone Multi Asset Strategic Gr S Acc,0.989517006
03/05/2012,Rathbone Multi Asset Strategic Gr S Acc,0.990914738
03/06/2012,Rathbone Multi Asset Strategic Gr S Acc,0.988662836
03/07/2012,Rathbone Multi Asset Strategic Gr S Acc,0.983848424
03/08/2012,Rathbone Multi Asset Strategic Gr S Acc,0.980897655
03/09/2012,Rathbone Multi Asset Strategic Gr S Acc,0.984857897
03/10/2012,Rathbone Multi Asset Strategic Gr S Acc,0.984857897
03/11/2012,Rathbone Multi Asset Strategic Gr S Acc,0.984857897
03/12/2012,Rathbone Multi Asset Strategic Gr S Acc,0.989594658
03/13/2012,Rathbone Multi Asset Strategic Gr S Acc,0.993477248
03/14/2012,Rathbone Multi Asset Strategic Gr S Acc,0.99526324
03/15/2012,Rathbone Multi Asset Strategic Gr S Acc,0.996505669
03/16/2012,Rathbone Multi Asset Strategic Gr S Acc,0.995107936
03/17/2012,Rathbone Multi Asset Strategic Gr S Acc,0.995107936
03/18/2012,Rathbone Multi Asset Strategic Gr S Acc,0.995107936
03/19/2012,Rathbone Multi Asset Strategic Gr S Acc,0.994176114
03/20/2012,Rathbone Multi Asset Strategic Gr S Acc,0.992856034
03/21/2012,Rathbone Multi Asset Strategic Gr S Acc,0.991613605
03/22/2012,Rathbone Multi Asset Strategic Gr S Acc,0.990448827
03/23/2012,Rathbone Multi Asset Strategic Gr S Acc,0.989827613
03/24/2012,Rathbone Multi Asset Strategic Gr S Acc,0.989827613
03/25/2012,Rathbone Multi Asset Strategic Gr S Acc,0.989827613
03/26/2012,Rathbone Multi Asset Strategic Gr S Acc,0.986799192
03/27/2012,Rathbone Multi Asset Strategic Gr S Acc,0.989128747
03/28/2012,Rathbone Multi Asset Strategic Gr S Acc,0.990293524
03/29/2012,Rathbone Multi Asset Strategic Gr S Acc,0.988041621
03/30/2012,Rathbone Multi Asset Strategic Gr S Acc,0.984469638
03/31/2012,Rathbone Multi Asset Strategic Gr S Acc,0.984469638
04/01/2012,Rathbone Multi Asset Strategic Gr S Acc,0.984469638
04/02/2012,Rathbone Multi Asset Strategic Gr S Acc,0.982217736
04/03/2012,Rathbone Multi Asset Strategic Gr S Acc,0.986100326
04/04/2012,Rathbone Multi Asset Strategic Gr S Acc,0.988041621
04/05/2012,Rathbone Multi Asset Strategic Gr S Acc,0.983460165
04/06/2012,Rathbone Multi Asset Strategic Gr S Acc,0.983460165
04/07/2012,Rathbone Multi Asset Strategic Gr S Acc,0.983460165
04/08/2012,Rathbone Multi Asset Strategic Gr S Acc,0.983460165
04/09/2012,Rathbone Multi Asset Strategic Gr S Acc,0.983460165
04/10/2012,Rathbone Multi Asset Strategic Gr S Acc,0.979577574
04/11/2012,Rathbone Multi Asset Strategic Gr S Acc,0.973753688
04/12/2012,Rathbone Multi Asset Strategic Gr S Acc,0.969560491
04/13/2012,Rathbone Multi Asset Strategic Gr S Acc,0.972666563
04/14/2012,Rathbone Multi Asset Strategic Gr S Acc,0.972666563
04/15/2012,Rathbone Multi Asset Strategic Gr S Acc,0.972666563
04/16/2012,Rathbone Multi Asset Strategic Gr S Acc,0.976859761
04/17/2012,Rathbone Multi Asset Strategic Gr S Acc,0.975151421
04/18/2012,Rathbone Multi Asset Strategic Gr S Acc,0.974840814
04/19/2012,Rathbone Multi Asset Strategic Gr S Acc,0.977403323
04/20/2012,Rathbone Multi Asset Strategic Gr S Acc,0.975617332
04/21/2012,Rathbone Multi Asset Strategic Gr S Acc,0.975617332
04/22/2012,Rathbone Multi Asset Strategic Gr S Acc,0.975617332
04/23/2012,Rathbone Multi Asset Strategic Gr S Acc,0.97251126
04/24/2012,Rathbone Multi Asset Strategic Gr S Acc,0.969249884
04/25/2012,Rathbone Multi Asset Strategic Gr S Acc,0.968628669
04/26/2012,Rathbone Multi Asset Strategic Gr S Acc,0.971501786
04/27/2012,Rathbone Multi Asset Strategic Gr S Acc,0.974374903
04/28/2012,Rathbone Multi Asset Strategic Gr S Acc,0.974374903
04/29/2012,Rathbone Multi Asset Strategic Gr S Acc,0.974374903
04/30/2012,Rathbone Multi Asset Strategic Gr S Acc,0.975850287
05/01/2012,Rathbone Multi Asset Strategic Gr S Acc,0.977403323
05/02/2012,Rathbone Multi Asset Strategic Gr S Acc,0.980198789
05/03/2012,Rathbone Multi Asset Strategic Gr S Acc,0.981907128
05/04/2012,Rathbone Multi Asset Strategic Gr S Acc,0.980198789
05/05/2012,Rathbone Multi Asset Strategic Gr S Acc,0.980198789
05/06/2012,Rathbone Multi Asset Strategic Gr S Acc,0.980198789
05/07/2012,Rathbone Multi Asset Strategic Gr S Acc,0.980198789
05/08/2012,Rathbone Multi Asset Strategic Gr S Acc,0.974840814
05/09/2012,Rathbone Multi Asset Strategic Gr S Acc,0.967153285
05/10/2012,Rathbone Multi Asset Strategic Gr S Acc,0.96435782
05/11/2012,Rathbone Multi Asset Strategic Gr S Acc,0.963891909
05/12/2012,Rathbone Multi Asset Strategic Gr S Acc,0.963891909
05/13/2012,Rathbone Multi Asset Strategic Gr S Acc,0.963891909
05/14/2012,Rathbone Multi Asset Strategic Gr S Acc,0.96264948
05/15/2012,Rathbone Multi Asset Strategic Gr S Acc,0.96179531
05/16/2012,Rathbone Multi Asset Strategic Gr S Acc,0.956903246
05/17/2012,Rathbone Multi Asset Strategic Gr S Acc,0.954185433
05/18/2012,Rathbone Multi Asset Strategic Gr S Acc,0.95193353
05/19/2012,Rathbone Multi Asset Strategic Gr S Acc,0.95193353
05/20/2012,Rathbone Multi Asset Strategic Gr S Acc,0.95193353
05/21/2012,Rathbone Multi Asset Strategic Gr S Acc,0.947973288
05/22/2012,Rathbone Multi Asset Strategic Gr S Acc,0.948283895
05/23/2012,Rathbone Multi Asset Strategic Gr S Acc,0.950768753
05/24/2012,Rathbone Multi Asset Strategic Gr S Acc,0.949526324
05/25/2012,Rathbone Multi Asset Strategic Gr S Acc,0.949992235
05/26/2012,Rathbone Multi Asset Strategic Gr S Acc,0.949992235
05/27/2012,Rathbone Multi Asset Strategic Gr S Acc,0.949992235
05/28/2012,Rathbone Multi Asset Strategic Gr S Acc,0.951467619
05/29/2012,Rathbone Multi Asset Strategic Gr S Acc,0.951778226
05/30/2012,Rathbone Multi Asset Strategic Gr S Acc,0.952321789
05/31/2012,Rathbone Multi Asset Strategic Gr S Acc,0.954418388
06/01/2012,Rathbone Multi Asset Strategic Gr S Acc,0.953408914
06/02/2012,Rathbone Multi Asset Strategic Gr S Acc,0.953408914
06/03/2012,Rathbone Multi Asset Strategic Gr S Acc,0.953408914
06/04/2012,Rathbone Multi Asset Strategic Gr S Acc,0.953408914
06/05/2012,Rathbone Multi Asset Strategic Gr S Acc,0.953408914
06/06/2012,Rathbone Multi Asset Strategic Gr S Acc,0.947817984
06/07/2012,Rathbone Multi Asset Strategic Gr S Acc,0.950768753
06/08/2012,Rathbone Multi Asset Strategic Gr S Acc,0.954030129
06/09/2012,Rathbone Multi Asset Strategic Gr S Acc,0.954030129
06/10/2012,Rathbone Multi Asset Strategic Gr S Acc,0.954030129
06/11/2012,Rathbone Multi Asset Strategic Gr S Acc,0.954728995
06/12/2012,Rathbone Multi Asset Strategic Gr S Acc,0.95620438
06/13/2012,Rathbone Multi Asset Strategic Gr S Acc,0.95364187
06/14/2012,Rathbone Multi Asset Strategic Gr S Acc,0.952632396
06/15/2012,Rathbone Multi Asset Strategic Gr S Acc,0.952865352
06/16/2012,Rathbone Multi Asset Strategic Gr S Acc,0.952865352
06/17/2012,Rathbone Multi Asset Strategic Gr S Acc,0.952865352
06/18/2012,Rathbone Multi Asset Strategic Gr S Acc,0.953874825
06/19/2012,Rathbone Multi Asset Strategic Gr S Acc,0.955971424
06/20/2012,Rathbone Multi Asset Strategic Gr S Acc,0.958456282
06/21/2012,Rathbone Multi Asset Strategic Gr S Acc,0.960242274
06/22/2012,Rathbone Multi Asset Strategic Gr S Acc,0.958844541
06/23/2012,Rathbone Multi Asset Strategic Gr S Acc,0.958844541
06/24/2012,Rathbone Multi Asset Strategic Gr S Acc,0.958844541
06/25/2012,Rathbone Multi Asset Strategic Gr S Acc,0.955893772
06/26/2012,Rathbone Multi Asset Strategic Gr S Acc,0.95364187
06/27/2012,Rathbone Multi Asset Strategic Gr S Acc,0.951622923
06/28/2012,Rathbone Multi Asset Strategic Gr S Acc,0.953719522
06/29/2012,Rathbone Multi Asset Strategic Gr S Acc,0.956903246
06/30/2012,Rathbone Multi Asset Strategic Gr S Acc,0.956903246
07/01/2012,Rathbone Multi Asset Strategic Gr S Acc,0.956903246
07/02/2012,Rathbone Multi Asset Strategic Gr S Acc,0.961174095
07/03/2012,Rathbone Multi Asset Strategic Gr S Acc,0.967075633
07/04/2012,Rathbone Multi Asset Strategic Gr S Acc,0.969871098
07/05/2012,Rathbone Multi Asset Strategic Gr S Acc,0.972744215
07/06/2012,Rathbone Multi Asset Strategic Gr S Acc,0.974763162
07/07/2012,Rathbone Multi Asset Strategic Gr S Acc,0.974763162
07/08/2012,Rathbone Multi Asset Strategic Gr S Acc,0.974763162
07/09/2012,Rathbone Multi Asset Strategic Gr S Acc,0.972899519
07/10/2012,Rathbone Multi Asset Strategic Gr S Acc,0.972433608
07/11/2012,Rathbone Multi Asset Strategic Gr S Acc,0.972744215
07/12/2012,Rathbone Multi Asset Strategic Gr S Acc,0.97080292
07/13/2012,Rathbone Multi Asset Strategic Gr S Acc,0.970181705
07/14/2012,Rathbone Multi Asset Strategic Gr S Acc,0.970181705
07/15/2012,Rathbone Multi Asset Strategic Gr S Acc,0.970181705
07/16/2012,Rathbone Multi Asset Strategic Gr S Acc,0.971890045
07/17/2012,Rathbone Multi Asset Strategic Gr S Acc,0.971191179
07/18/2012,Rathbone Multi Asset Strategic Gr S Acc,0.971734741
07/19/2012,Rathbone Multi Asset Strategic Gr S Acc,0.973287778
07/20/2012,Rathbone Multi Asset Strategic Gr S Acc,0.976316198
07/21/2012,Rathbone Multi Asset Strategic Gr S Acc,0.976316198
07/22/2012,Rathbone Multi Asset Strategic Gr S Acc,0.976316198
07/23/2012,Rathbone Multi Asset Strategic Gr S Acc,0.973132474
07/24/2012,Rathbone Multi Asset Strategic Gr S Acc,0.970414661
07/25/2012,Rathbone Multi Asset Strategic Gr S Acc,0.967153285
07/26/2012,Rathbone Multi Asset Strategic Gr S Acc,0.965833204
07/27/2012,Rathbone Multi Asset Strategic Gr S Acc,0.96824041
07/28/2012,Rathbone Multi Asset Strategic Gr S Acc,0.96824041
07/29/2012,Rathbone Multi Asset Strategic Gr S Acc,0.96824041
07/30/2012,Rathbone Multi Asset Strategic Gr S Acc,0.973753688
07/31/2012,Rathbone Multi Asset Strategic Gr S Acc,0.977869234
08/01/2012,Rathbone Multi Asset Strategic Gr S Acc,0.979034011
08/02/2012,Rathbone Multi Asset Strategic Gr S Acc,0.982140084
08/03/2012,Rathbone Multi Asset Strategic Gr S Acc,0.982062432
08/04/2012,Rathbone Multi Asset Strategic Gr S Acc,0.982062432
08/05/2012,Rathbone Multi Asset Strategic Gr S Acc,0.982062432
08/06/2012,Rathbone Multi Asset Strategic Gr S Acc,0.983848424
08/07/2012,Rathbone Multi Asset Strategic Gr S Acc,0.988818139
08/08/2012,Rathbone Multi Asset Strategic Gr S Acc,0.988973443
08/09/2012,Rathbone Multi Asset Strategic Gr S Acc,0.990526479
08/10/2012,Rathbone Multi Asset Strategic Gr S Acc,0.992157167
08/11/2012,Rathbone Multi Asset Strategic Gr S Acc,0.992157167
08/12/2012,Rathbone Multi Asset Strategic Gr S Acc,0.992157167
08/13/2012,Rathbone Multi Asset Strategic Gr S Acc,0.991613605
08/14/2012,Rathbone Multi Asset Strategic Gr S Acc,0.993166641
08/15/2012,Rathbone Multi Asset Strategic Gr S Acc,0.9935549
08/16/2012,Rathbone Multi Asset Strategic Gr S Acc,0.992623078
08/17/2012,Rathbone Multi Asset Strategic Gr S Acc,0.992778382
08/18/2012,Rathbone Multi Asset Strategic Gr S Acc,0.992778382
08/19/2012,Rathbone Multi Asset Strategic Gr S Acc,0.992778382
08/20/2012,Rathbone Multi Asset Strategic Gr S Acc,0.995340891
08/21/2012,Rathbone Multi Asset Strategic Gr S Acc,0.994952632
08/22/2012,Rathbone Multi Asset Strategic Gr S Acc,0.991380649
08/23/2012,Rathbone Multi Asset Strategic Gr S Acc,0.989672309
08/24/2012,Rathbone Multi Asset Strategic Gr S Acc,0.989905265
08/25/2012,Rathbone Multi Asset Strategic Gr S Acc,0.989905265
08/26/2012,Rathbone Multi Asset Strategic Gr S Acc,0.989905265
08/27/2012,Rathbone Multi Asset Strategic Gr S Acc,0.989905265
08/28/2012,Rathbone Multi Asset Strategic Gr S Acc,0.988585184
08/29/2012,Rathbone Multi Asset Strategic Gr S Acc,0.988818139
08/30/2012,Rathbone Multi Asset Strategic Gr S Acc,0.98842988
08/31/2012,Rathbone Multi Asset Strategic Gr S Acc,0.987420407
09/01/2012,Rathbone Multi Asset Strategic Gr S Acc,0.987420407
09/02/2012,Rathbone Multi Asset Strategic Gr S Acc,0.987420407
09/03/2012,Rathbone Multi Asset Strategic Gr S Acc,0.9871098
09/04/2012,Rathbone Multi Asset Strategic Gr S Acc,0.986876844
09/05/2012,Rathbone Multi Asset Strategic Gr S Acc,0.98625563
09/06/2012,Rathbone Multi Asset Strategic Gr S Acc,0.985556763
09/07/2012,Rathbone Multi Asset Strategic Gr S Acc,0.990681783
09/08/2012,Rathbone Multi Asset Strategic Gr S Acc,0.990681783
09/09/2012,Rathbone Multi Asset Strategic Gr S Acc,0.990681783
09/10/2012,Rathbone Multi Asset Strategic Gr S Acc,0.994642025
09/11/2012,Rathbone Multi Asset Strategic Gr S Acc,0.995107936
09/12/2012,Rathbone Multi Asset Strategic Gr S Acc,0.993943159
09/13/2012,Rathbone Multi Asset Strategic Gr S Acc,0.995962106
09/14/2012,Rathbone Multi Asset Strategic Gr S Acc,0.999068178
09/15/2012,Rathbone Multi Asset Strategic Gr S Acc,0.999068178
09/16/2012,Rathbone Multi Asset Strategic Gr S Acc,0.999068178
09/17/2012,Rathbone Multi Asset Strategic Gr S Acc,1.003727287
09/18/2012,Rathbone Multi Asset Strategic Gr S Acc,1.002251902
09/19/2012,Rathbone Multi Asset Strategic Gr S Acc,1.001320081
09/20/2012,Rathbone Multi Asset Strategic Gr S Acc,1.001630688
09/21/2012,Rathbone Multi Asset Strategic Gr S Acc,1.001475384
09/22/2012,Rathbone Multi Asset Strategic Gr S Acc,1.001475384
09/23/2012,Rathbone Multi Asset Strategic Gr S Acc,1.001475384
09/24/2012,Rathbone Multi Asset Strategic Gr S Acc,1.00085417
09/25/2012,Rathbone Multi Asset Strategic Gr S Acc,1.002096599
09/26/2012,Rathbone Multi Asset Strategic Gr S Acc,1.001009474
09/27/2012,Rathbone Multi Asset Strategic Gr S Acc,0.997748098
09/28/2012,Rathbone Multi Asset Strategic Gr S Acc,0.997126883
09/29/2012,Rathbone Multi Asset Strategic Gr S Acc,0.997126883
09/30/2012,Rathbone Multi Asset Strategic Gr S Acc,0.997126883
10/01/2012,Rathbone Multi Asset Strategic Gr S Acc,1
10/02/2012,Rathbone Multi Asset Strategic Gr S Acc,1.0012
10/03/2012,Rathbone Multi Asset Strategic Gr S Acc,1.0027
10/04/2012,Rathbone Multi Asset Strategic Gr S Acc,1.0026
10/05/2012,Rathbone Multi Asset Strategic Gr S Acc,1.0051
10/06/2012,Rathbone Multi Asset Strategic Gr S Acc,1.0051
10/07/2012,Rathbone Multi Asset Strategic Gr S Acc,1.0051
10/08/2012,Rathbone Multi Asset Strategic Gr S Acc,1.0081
10/09/2012,Rathbone Multi Asset Strategic Gr S Acc,1.0081
10/10/2012,Rathbone Multi Asset Strategic Gr S Acc,1.0078
10/11/2012,Rathbone Multi Asset Strategic Gr S Acc,1.0062
10/12/2012,Rathbone Multi Asset Strategic Gr S Acc,1.0066
10/13/2012,Rathbone Multi Asset Strategic Gr S Acc,1.0066
10/14/2012,Rathbone Multi Asset Strategic Gr S Acc,1.0066
10/15/2012,Rathbone Multi Asset Strategic Gr S Acc,1.0078
10/16/2012,Rathbone Multi Asset Strategic Gr S Acc,1.009
10/17/2012,Rathbone Multi Asset Strategic Gr S Acc,1.0111
10/18/2012,Rathbone Multi Asset Strategic Gr S Acc,1.014
10/19/2012,Rathbone Multi Asset Strategic Gr S Acc,1.0157
10/20/2012,Rathbone Multi Asset Strategic Gr S Acc,1.0157
10/21/2012,Rathbone Multi Asset Strategic Gr S Acc,1.0157
10/22/2012,Rathbone Multi Asset Strategic Gr S Acc,1.0145
10/23/2012,Rathbone Multi Asset Strategic Gr S Acc,1.0122
10/24/2012,Rathbone Multi Asset Strategic Gr S Acc,1.0099
10/25/2012,Rathbone Multi Asset Strategic Gr S Acc,1.007
10/26/2012,Rathbone Multi Asset Strategic Gr S Acc,1.0058
10/27/2012,Rathbone Multi Asset Strategic Gr S Acc,1.0058
10/28/2012,Rathbone Multi Asset Strategic Gr S Acc,1.0058
10/29/2012,Rathbone Multi Asset Strategic Gr S Acc,1.005
10/30/2012,Rathbone Multi Asset Strategic Gr S Acc,1.0063
10/31/2012,Rathbone Multi Asset Strategic Gr S Acc,1.0075
11/01/2012,Rathbone Multi Asset Strategic Gr S Acc,1.0077
11/02/2012,Rathbone Multi Asset Strategic Gr S Acc,1.0105
11/03/2012,Rathbone Multi Asset Strategic Gr S Acc,1.0105
11/04/2012,Rathbone Multi Asset Strategic Gr S Acc,1.0105
11/05/2012,Rathbone Multi Asset Strategic Gr S Acc,1.0117
11/06/2012,Rathbone Multi Asset Strategic Gr S Acc,1.0117
11/07/2012,Rathbone Multi Asset Strategic Gr S Acc,1.0143
11/08/2012,Rathbone Multi Asset Strategic Gr S Acc,1.014
11/09/2012,Rathbone Multi Asset Strategic Gr S Acc,1.0092
11/10/2012,Rathbone Multi Asset Strategic Gr S Acc,1.0092
11/11/2012,Rathbone Multi Asset Strategic Gr S Acc,1.0092
11/12/2012,Rathbone Multi Asset Strategic Gr S Acc,1.008
11/13/2012,Rathbone Multi Asset Strategic Gr S Acc,1.0081
11/14/2012,Rathbone Multi Asset Strategic Gr S Acc,1.0078
11/15/2012,Rathbone Multi Asset Strategic Gr S Acc,1.0063
11/16/2012,Rathbone Multi Asset Strategic Gr S Acc,1.0014
11/17/2012,Rathbone Multi Asset Strategic Gr S Acc,1.0014
11/18/2012,Rathbone Multi Asset Strategic Gr S Acc,1.0014
11/19/2012,Rathbone Multi Asset Strategic Gr S Acc,1.002
11/20/2012,Rathbone Multi Asset Strategic Gr S Acc,1.0039
11/21/2012,Rathbone Multi Asset Strategic Gr S Acc,1.0074
11/22/2012,Rathbone Multi Asset Strategic Gr S Acc,1.0087
11/23/2012,Rathbone Multi Asset Strategic Gr S Acc,1.0096
11/24/2012,Rathbone Multi Asset Strategic Gr S Acc,1.0096
11/25/2012,Rathbone Multi Asset Strategic Gr S Acc,1.0096
11/26/2012,Rathbone Multi Asset Strategic Gr S Acc,1.011
11/27/2012,Rathbone Multi Asset Strategic Gr S Acc,1.0128
11/28/2012,Rathbone Multi Asset Strategic Gr S Acc,1.0132
11/29/2012,Rathbone Multi Asset Strategic Gr S Acc,1.0138
11/30/2012,Rathbone Multi Asset Strategic Gr S Acc,1.0175
12/01/2012,Rathbone Multi Asset Strategic Gr S Acc,1.0175
12/02/2012,Rathbone Multi Asset Strategic Gr S Acc,1.0175
12/03/2012,Rathbone Multi Asset Strategic Gr S Acc,1.0196
12/04/2012,Rathbone Multi Asset Strategic Gr S Acc,1.0194
12/05/2012,Rathbone Multi Asset Strategic Gr S Acc,1.0199
12/06/2012,Rathbone Multi Asset Strategic Gr S Acc,1.0221
12/07/2012,Rathbone Multi Asset Strategic Gr S Acc,1.0246
12/08/2012,Rathbone Multi Asset Strategic Gr S Acc,1.0246
12/09/2012,Rathbone Multi Asset Strategic Gr S Acc,1.0246
12/10/2012,Rathbone Multi Asset Strategic Gr S Acc,1.027
12/11/2012,Rathbone Multi Asset Strategic Gr S Acc,1.0273
12/12/2012,Rathbone Multi Asset Strategic Gr S Acc,1.0295
12/13/2012,Rathbone Multi Asset Strategic Gr S Acc,1.0294
12/14/2012,Rathbone Multi Asset Strategic Gr S Acc,1.0307
12/15/2012,Rathbone Multi Asset Strategic Gr S Acc,1.0307
12/16/2012,Rathbone Multi Asset Strategic Gr S Acc,1.0307
12/17/2012,Rathbone Multi Asset Strategic Gr S Acc,1.0296
12/18/2012,Rathbone Multi Asset Strategic Gr S Acc,1.0283
12/19/2012,Rathbone Multi Asset Strategic Gr S Acc,1.0306
12/20/2012,Rathbone Multi Asset Strategic Gr S Acc,1.0331
12/21/2012,Rathbone Multi Asset Strategic Gr S Acc,1.0316
12/22/2012,Rathbone Multi Asset Strategic Gr S Acc,1.0316
12/23/2012,Rathbone Multi Asset Strategic Gr S Acc,1.0316
12/24/2012,Rathbone Multi Asset Strategic Gr S Acc,1.0322
12/25/2012,Rathbone Multi Asset Strategic Gr S Acc,1.0322
12/26/2012,Rathbone Multi Asset Strategic Gr S Acc,1.0322
12/27/2012,Rathbone Multi Asset Strategic Gr S Acc,1.0309
12/28/2012,Rathbone Multi Asset Strategic Gr S Acc,1.0317
12/29/2012,Rathbone Multi Asset Strategic Gr S Acc,1.0317
12/30/2012,Rathbone Multi Asset Strategic Gr S Acc,1.0317
12/31/2012,Rathbone Multi Asset Strategic Gr S Acc,1.0299
01/01/2013,Rathbone Multi Asset Strategic Gr S Acc,1.0299
01/02/2013,Rathbone Multi Asset Strategic Gr S Acc,1.0309
01/03/2013,Rathbone Multi Asset Strategic Gr S Acc,1.0377
01/04/2013,Rathbone Multi Asset Strategic Gr S Acc,1.0423
01/05/2013,Rathbone Multi Asset Strategic Gr S Acc,1.0423
01/06/2013,Rathbone Multi Asset Strategic Gr S Acc,1.0423
01/07/2013,Rathbone Multi Asset Strategic Gr S Acc,1.0443
01/08/2013,Rathbone Multi Asset Strategic Gr S Acc,1.0466
01/09/2013,Rathbone Multi Asset Strategic Gr S Acc,1.0499
01/10/2013,Rathbone Multi Asset Strategic Gr S Acc,1.0511
01/11/2013,Rathbone Multi Asset Strategic Gr S Acc,1.0516
01/12/2013,Rathbone Multi Asset Strategic Gr S Acc,1.0516
01/13/2013,Rathbone Multi Asset Strategic Gr S Acc,1.0516
01/14/2013,Rathbone Multi Asset Strategic Gr S Acc,1.0523
01/15/2013,Rathbone Multi Asset Strategic Gr S Acc,1.0542
01/16/2013,Rathbone Multi Asset Strategic Gr S Acc,1.0547
01/17/2013,Rathbone Multi Asset Strategic Gr S Acc,1.0552
01/18/2013,Rathbone Multi Asset Strategic Gr S Acc,1.0582
01/19/2013,Rathbone Multi Asset Strategic Gr S Acc,1.0582
01/20/2013,Rathbone Multi Asset Strategic Gr S Acc,1.0582
01/21/2013,Rathbone Multi Asset Strategic Gr S Acc,1.0624
01/22/2013,Rathbone Multi Asset Strategic Gr S Acc,1.064
01/23/2013,Rathbone Multi Asset Strategic Gr S Acc,1.0652
01/24/2013,Rathbone Multi Asset Strategic Gr S Acc,1.0667
01/25/2013,Rathbone Multi Asset Strategic Gr S Acc,1.0688
01/26/2013,Rathbone Multi Asset Strategic Gr S Acc,1.0688
01/27/2013,Rathbone Multi Asset Strategic Gr S Acc,1.0688
01/28/2013,Rathbone Multi Asset Strategic Gr S Acc,1.0727
01/29/2013,Rathbone Multi Asset Strategic Gr S Acc,1.075
01/30/2013,Rathbone Multi Asset Strategic Gr S Acc,1.0749
01/31/2013,Rathbone Multi Asset Strategic Gr S Acc,1.0747
02/01/2013,Rathbone Multi Asset Strategic Gr S Acc,1.0752
02/02/2013,Rathbone Multi Asset Strategic Gr S Acc,1.0752
02/03/2013,Rathbone Multi Asset Strategic Gr S Acc,1.0752
02/04/2013,Rathbone Multi Asset Strategic Gr S Acc,1.0817
02/05/2013,Rathbone Multi Asset Strategic Gr S Acc,1.0824
02/06/2013,Rathbone Multi Asset Strategic Gr S Acc,1.0812
02/07/2013,Rathbone Multi Asset Strategic Gr S Acc,1.0826
02/08/2013,Rathbone Multi Asset Strategic Gr S Acc,1.0807
02/09/2013,Rathbone Multi Asset Strategic Gr S Acc,1.0807
02/10/2013,Rathbone Multi Asset Strategic Gr S Acc,1.0807
02/11/2013,Rathbone Multi Asset Strategic Gr S Acc,1.0803
02/12/2013,Rathbone Multi Asset Strategic Gr S Acc,1.0825
02/13/2013,Rathbone Multi Asset Strategic Gr S Acc,1.0847
02/14/2013,Rathbone Multi Asset Strategic Gr S Acc,1.0887
02/15/2013,Rathbone Multi Asset Strategic Gr S Acc,1.0887
02/16/2013,Rathbone Multi Asset Strategic Gr S Acc,1.0887
02/17/2013,Rathbone Multi Asset Strategic Gr S Acc,1.0887
02/18/2013,Rathbone Multi Asset Strategic Gr S Acc,1.0893
02/19/2013,Rathbone Multi Asset Strategic Gr S Acc,1.0887
02/20/2013,Rathbone Multi Asset Strategic Gr S Acc,1.0923
02/21/2013,Rathbone Multi Asset Strategic Gr S Acc,1.0961
02/22/2013,Rathbone Multi Asset Strategic Gr S Acc,1.0909
02/23/2013,Rathbone Multi Asset Strategic Gr S Acc,1.0909
02/24/2013,Rathbone Multi Asset Strategic Gr S Acc,1.0909
02/25/2013,Rathbone Multi Asset Strategic Gr S Acc,1.0921
02/26/2013,Rathbone Multi Asset Strategic Gr S Acc,1.0956
02/27/2013,Rathbone Multi Asset Strategic Gr S Acc,1.0904
02/28/2013,Rathbone Multi Asset Strategic Gr S Acc,1.0913
03/01/2013,Rathbone Multi Asset Strategic Gr S Acc,1.0944
03/02/2013,Rathbone Multi Asset Strategic Gr S Acc,1.0944
03/03/2013,Rathbone Multi Asset Strategic Gr S Acc,1.0944
03/04/2013,Rathbone Multi Asset Strategic Gr S Acc,1.0975
03/05/2013,Rathbone Multi Asset Strategic Gr S Acc,1.0973
03/06/2013,Rathbone Multi Asset Strategic Gr S Acc,1.1006
03/07/2013,Rathbone Multi Asset Strategic Gr S Acc,1.1065
03/08/2013,Rathbone Multi Asset Strategic Gr S Acc,1.1086
03/09/2013,Rathbone Multi Asset Strategic Gr S Acc,1.1086
03/10/2013,Rathbone Multi Asset Strategic Gr S Acc,1.1086
03/11/2013,Rathbone Multi Asset Strategic Gr S Acc,1.1126
03/12/2013,Rathbone Multi Asset Strategic Gr S Acc,1.1158
03/13/2013,Rathbone Multi Asset Strategic Gr S Acc,1.1155
03/14/2013,Rathbone Multi Asset Strategic Gr S Acc,1.115
03/15/2013,Rathbone Multi Asset Strategic Gr S Acc,1.1107
03/16/2013,Rathbone Multi Asset Strategic Gr S Acc,1.1107
03/17/2013,Rathbone Multi Asset Strategic Gr S Acc,1.1107
03/18/2013,Rathbone Multi Asset Strategic Gr S Acc,1.1098
03/19/2013,Rathbone Multi Asset Strategic Gr S Acc,1.1086
03/20/2013,Rathbone Multi Asset Strategic Gr S Acc,1.1078
03/21/2013,Rathbone Multi Asset Strategic Gr S Acc,1.1046
03/22/2013,Rathbone Multi Asset Strategic Gr S Acc,1.1031
03/23/2013,Rathbone Multi Asset Strategic Gr S Acc,1.1031
03/24/2013,Rathbone Multi Asset Strategic Gr S Acc,1.1031
03/25/2013,Rathbone Multi Asset Strategic Gr S Acc,1.1022
03/26/2013,Rathbone Multi Asset Strategic Gr S Acc,1.1045
03/27/2013,Rathbone Multi Asset Strategic Gr S Acc,1.1036
03/28/2013,Rathbone Multi Asset Strategic Gr S Acc,1.1054
03/29/2013,Rathbone Multi Asset Strategic Gr S Acc,1.1054
03/30/2013,Rathbone Multi Asset Strategic Gr S Acc,1.1054
03/31/2013,Rathbone Multi Asset Strategic Gr S Acc,1.1054
04/01/2013,Rathbone Multi Asset Strategic Gr S Acc,1.1054
04/02/2013,Rathbone Multi Asset Strategic Gr S Acc,1.1074
04/03/2013,Rathbone Multi Asset Strategic Gr S Acc,1.1074
04/04/2013,Rathbone Multi Asset Strategic Gr S Acc,1.108
04/05/2013,Rathbone Multi Asset Strategic Gr S Acc,1.0994
04/06/2013,Rathbone Multi Asset Strategic Gr S Acc,1.0994
04/07/2013,Rathbone Multi Asset Strategic Gr S Acc,1.0994
04/08/2013,Rathbone Multi Asset Strategic Gr S Acc,1.0937
04/09/2013,Rathbone Multi Asset Strategic Gr S Acc,1.0945
04/10/2013,Rathbone Multi Asset Strategic Gr S Acc,1.0961
04/11/2013,Rathbone Multi Asset Strategic Gr S Acc,1.0979
04/12/2013,Rathbone Multi Asset Strategic Gr S Acc,1.1016
04/13/2013,Rathbone Multi Asset Strategic Gr S Acc,1.1016
04/14/2013,Rathbone Multi Asset Strategic Gr S Acc,1.1016
04/15/2013,Rathbone Multi Asset Strategic Gr S Acc,1.0994
04/16/2013,Rathbone Multi Asset Strategic Gr S Acc,1.0965
04/17/2013,Rathbone Multi Asset Strategic Gr S Acc,1.0919
04/18/2013,Rathbone Multi Asset Strategic Gr S Acc,1.0944
04/19/2013,Rathbone Multi Asset Strategic Gr S Acc,1.0913
04/20/2013,Rathbone Multi Asset Strategic Gr S Acc,1.0913
04/21/2013,Rathbone Multi Asset Strategic Gr S Acc,1.0913
04/22/2013,Rathbone Multi Asset Strategic Gr S Acc,1.0918
04/23/2013,Rathbone Multi Asset Strategic Gr S Acc,1.0974
04/24/2013,Rathbone Multi Asset Strategic Gr S Acc,1.0985
04/25/2013,Rathbone Multi Asset Strategic Gr S Acc,1.1015
04/26/2013,Rathbone Multi Asset Strategic Gr S Acc,1.102
04/27/2013,Rathbone Multi Asset Strategic Gr S Acc,1.102
04/28/2013,Rathbone Multi Asset Strategic Gr S Acc,1.102
04/29/2013,Rathbone Multi Asset Strategic Gr S Acc,1.1012
04/30/2013,Rathbone Multi Asset Strategic Gr S Acc,1.1015
05/01/2013,Rathbone Multi Asset Strategic Gr S Acc,1.1017
05/02/2013,Rathbone Multi Asset Strategic Gr S Acc,1.1018
05/03/2013,Rathbone Multi Asset Strategic Gr S Acc,1.1026
05/04/2013,Rathbone Multi Asset Strategic Gr S Acc,1.1026
05/05/2013,Rathbone Multi Asset Strategic Gr S Acc,1.1026
05/06/2013,Rathbone Multi Asset Strategic Gr S Acc,1.1026
05/07/2013,Rathbone Multi Asset Strategic Gr S Acc,1.1059
05/08/2013,Rathbone Multi Asset Strategic Gr S Acc,1.1118
05/09/2013,Rathbone Multi Asset Strategic Gr S Acc,1.1134
05/10/2013,Rathbone Multi Asset Strategic Gr S Acc,1.1166
05/11/2013,Rathbone Multi Asset Strategic Gr S Acc,1.1166
05/12/2013,Rathbone Multi Asset Strategic Gr S Acc,1.1166
05/13/2013,Rathbone Multi Asset Strategic Gr S Acc,1.1186
05/14/2013,Rathbone Multi Asset Strategic Gr S Acc,1.1192
05/15/2013,Rathbone Multi Asset Strategic Gr S Acc,1.1231
05/16/2013,Rathbone Multi Asset Strategic Gr S Acc,1.1289
05/17/2013,Rathbone Multi Asset Strategic Gr S Acc,1.1304
05/18/2013,Rathbone Multi Asset Strategic Gr S Acc,1.1304
05/19/2013,Rathbone Multi Asset Strategic Gr S Acc,1.1304
05/20/2013,Rathbone Multi Asset Strategic Gr S Acc,1.1304
05/21/2013,Rathbone Multi Asset Strategic Gr S Acc,1.1344
05/22/2013,Rathbone Multi Asset Strategic Gr S Acc,1.136
05/23/2013,Rathbone Multi Asset Strategic Gr S Acc,1.1355
05/24/2013,Rathbone Multi Asset Strategic Gr S Acc,1.129
05/25/2013,Rathbone Multi Asset Strategic Gr S Acc,1.129
05/26/2013,Rathbone Multi Asset Strategic Gr S Acc,1.129
05/27/2013,Rathbone Multi Asset Strategic Gr S Acc,1.129
05/28/2013,Rathbone Multi Asset Strategic Gr S Acc,1.1317
05/29/2013,Rathbone Multi Asset Strategic Gr S Acc,1.1311
05/30/2013,Rathbone Multi Asset Strategic Gr S Acc,1.1299
05/31/2013,Rathbone Multi Asset Strategic Gr S Acc,1.1262
06/01/2013,Rathbone Multi Asset Strategic Gr S Acc,1.1262
06/02/2013,Rathbone Multi Asset Strategic Gr S Acc,1.1262
06/03/2013,Rathbone Multi Asset Strategic Gr S Acc,1.1245
06/04/2013,Rathbone Multi Asset Strategic Gr S Acc,1.1223
06/05/2013,Rathbone Multi Asset Strategic Gr S Acc,1.1193
06/06/2013,Rathbone Multi Asset Strategic Gr S Acc,1.1116
06/07/2013,Rathbone Multi Asset Strategic Gr S Acc,1.1041
06/08/2013,Rathbone Multi Asset Strategic Gr S Acc,1.1041
06/09/2013,Rathbone Multi Asset Strategic Gr S Acc,1.1041
06/10/2013,Rathbone Multi Asset Strategic Gr S Acc,1.1055
06/11/2013,Rathbone Multi Asset Strategic Gr S Acc,1.1022
06/12/2013,Rathbone Multi Asset Strategic Gr S Acc,1.0997
06/13/2013,Rathbone Multi Asset Strategic Gr S Acc,1.0922
06/14/2013,Rathbone Multi Asset Strategic Gr S Acc,1.0939
06/15/2013,Rathbone Multi Asset Strategic Gr S Acc,1.0939
06/16/2013,Rathbone Multi Asset Strategic Gr S Acc,1.0939
06/17/2013,Rathbone Multi Asset Strategic Gr S Acc,1.0979
06/18/2013,Rathbone Multi Asset Strategic Gr S Acc,1.0972
06/19/2013,Rathbone Multi Asset Strategic Gr S Acc,1.0993
06/20/2013,Rathbone Multi Asset Strategic Gr S Acc,1.0985
06/21/2013,Rathbone Multi Asset Strategic Gr S Acc,1.0925
06/22/2013,Rathbone Multi Asset Strategic Gr S Acc,1.0925
06/23/2013,Rathbone Multi Asset Strategic Gr S Acc,1.0925
06/24/2013,Rathbone Multi Asset Strategic Gr S Acc,1.089
06/25/2013,Rathbone Multi Asset Strategic Gr S Acc,1.0823
06/26/2013,Rathbone Multi Asset Strategic Gr S Acc,1.0842
06/27/2013,Rathbone Multi Asset Strategic Gr S Acc,1.0877
06/28/2013,Rathbone Multi Asset Strategic Gr S Acc,1.0924
06/29/2013,Rathbone Multi Asset Strategic Gr S Acc,1.0924
06/30/2013,Rathbone Multi Asset Strategic Gr S Acc,1.0924
07/01/2013,Rathbone Multi Asset Strategic Gr S Acc,1.0975
07/02/2013,Rathbone Multi Asset Strategic Gr S Acc,1.1007
07/03/2013,Rathbone Multi Asset Strategic Gr S Acc,1.0985
07/04/2013,Rathbone Multi Asset Strategic Gr S Acc,1.0975
07/05/2013,Rathbone Multi Asset Strategic Gr S Acc,1.1075
07/06/2013,Rathbone Multi Asset Strategic Gr S Acc,1.1075
07/07/2013,Rathbone Multi Asset Strategic Gr S Acc,1.1075
07/08/2013,Rathbone Multi Asset Strategic Gr S Acc,1.1135
07/09/2013,Rathbone Multi Asset Strategic Gr S Acc,1.119
07/10/2013,Rathbone Multi Asset Strategic Gr S Acc,1.1201
07/11/2013,Rathbone Multi Asset Strategic Gr S Acc,1.1189
07/12/2013,Rathbone Multi Asset Strategic Gr S Acc,1.1214
07/13/2013,Rathbone Multi Asset Strategic Gr S Acc,1.1214
07/14/2013,Rathbone Multi Asset Strategic Gr S Acc,1.1214
07/15/2013,Rathbone Multi Asset Strategic Gr S Acc,1.1232
07/16/2013,Rathbone Multi Asset Strategic Gr S Acc,1.1244
07/17/2013,Rathbone Multi Asset Strategic Gr S Acc,1.1211
07/18/2013,Rathbone Multi Asset Strategic Gr S Acc,1.1209
07/19/2013,Rathbone Multi Asset Strategic Gr S Acc,1.1221
07/20/2013,Rathbone Multi Asset Strategic Gr S Acc,1.1221
07/21/2013,Rathbone Multi Asset Strategic Gr S Acc,1.1221
07/22/2013,Rathbone Multi Asset Strategic Gr S Acc,1.1235
07/23/2013,Rathbone Multi Asset Strategic Gr S Acc,1.1231
07/24/2013,Rathbone Multi Asset Strategic Gr S Acc,1.1231
07/25/2013,Rathbone Multi Asset Strategic Gr S Acc,1.1217
07/26/2013,Rathbone Multi Asset Strategic Gr S Acc,1.1204
07/27/2013,Rathbone Multi Asset Strategic Gr S Acc,1.1204
07/28/2013,Rathbone Multi Asset Strategic Gr S Acc,1.1204
07/29/2013,Rathbone Multi Asset Strategic Gr S Acc,1.1197
07/30/2013,Rathbone Multi Asset Strategic Gr S Acc,1.1204
07/31/2013,Rathbone Multi Asset Strategic Gr S Acc,1.1243
08/01/2013,Rathbone Multi Asset Strategic Gr S Acc,1.1281
08/02/2013,Rathbone Multi Asset Strategic Gr S Acc,1.1359
08/03/2013,Rathbone Multi Asset Strategic Gr S Acc,1.1359
08/04/2013,Rathbone Multi Asset Strategic Gr S Acc,1.1359
08/05/2013,Rathbone Multi Asset Strategic Gr S Acc,1.1378
08/06/2013,Rathbone Multi Asset Strategic Gr S Acc,1.1356
08/07/2013,Rathbone Multi Asset Strategic Gr S Acc,1.1312
08/08/2013,Rathbone Multi Asset Strategic Gr S Acc,1.1274
08/09/2013,Rathbone Multi Asset Strategic Gr S Acc,1.128
08/10/2013,Rathbone Multi Asset Strategic Gr S Acc,1.128
08/11/2013,Rathbone Multi Asset Strategic Gr S Acc,1.128
08/12/2013,Rathbone Multi Asset Strategic Gr S Acc,1.1303
08/13/2013,Rathbone Multi Asset Strategic Gr S Acc,1.1307
08/14/2013,Rathbone Multi Asset Strategic Gr S Acc,1.1309
08/15/2013,Rathbone Multi Asset Strategic Gr S Acc,1.1269
08/16/2013,Rathbone Multi Asset Strategic Gr S Acc,1.1198
08/17/2013,Rathbone Multi Asset Strategic Gr S Acc,1.1198
08/18/2013,Rathbone Multi Asset Strategic Gr S Acc,1.1198
08/19/2013,Rathbone Multi Asset Strategic Gr S Acc,1.1188
08/20/2013,Rathbone Multi Asset Strategic Gr S Acc,1.1159
08/21/2013,Rathbone Multi Asset Strategic Gr S Acc,1.1135
08/22/2013,Rathbone Multi Asset Strategic Gr S Acc,1.1143
08/23/2013,Rathbone Multi Asset Strategic Gr S Acc,1.1154
08/24/2013,Rathbone Multi Asset Strategic Gr S Acc,1.1154
08/25/2013,Rathbone Multi Asset Strategic Gr S Acc,1.1154
08/26/2013,Rathbone Multi Asset Strategic Gr S Acc,1.1154
08/27/2013,Rathbone Multi Asset Strategic Gr S Acc,1.1209
08/28/2013,Rathbone Multi Asset Strategic Gr S Acc,1.1177
08/29/2013,Rathbone Multi Asset Strategic Gr S Acc,1.1116
08/30/2013,Rathbone Multi Asset Strategic Gr S Acc,1.1114
08/31/2013,Rathbone Multi Asset Strategic Gr S Acc,1.1114
09/01/2013,Rathbone Multi Asset Strategic Gr S Acc,1.1114
09/02/2013,Rathbone Multi Asset Strategic Gr S Acc,1.1104
09/03/2013,Rathbone Multi Asset Strategic Gr S Acc,1.1109
09/04/2013,Rathbone Multi Asset Strategic Gr S Acc,1.1102
09/05/2013,Rathbone Multi Asset Strategic Gr S Acc,1.1105
09/06/2013,Rathbone Multi Asset Strategic Gr S Acc,1.1125
09/07/2013,Rathbone Multi Asset Strategic Gr S Acc,1.1125
09/08/2013,Rathbone Multi Asset Strategic Gr S Acc,1.1125
09/09/2013,Rathbone Multi Asset Strategic Gr S Acc,1.1122
09/10/2013,Rathbone Multi Asset Strategic Gr S Acc,1.115
09/11/2013,Rathbone Multi Asset Strategic Gr S Acc,1.1187
09/12/2013,Rathbone Multi Asset Strategic Gr S Acc,1.121
09/13/2013,Rathbone Multi Asset Strategic Gr S Acc,1.1205
09/14/2013,Rathbone Multi Asset Strategic Gr S Acc,1.1205
09/15/2013,Rathbone Multi Asset Strategic Gr S Acc,1.1205
09/16/2013,Rathbone Multi Asset Strategic Gr S Acc,1.117
09/17/2013,Rathbone Multi Asset Strategic Gr S Acc,1.1193
09/18/2013,Rathbone Multi Asset Strategic Gr S Acc,1.1216
09/19/2013,Rathbone Multi Asset Strategic Gr S Acc,1.1228
09/20/2013,Rathbone Multi Asset Strategic Gr S Acc,1.1273
09/21/2013,Rathbone Multi Asset Strategic Gr S Acc,1.1273
09/22/2013,Rathbone Multi Asset Strategic Gr S Acc,1.1273
09/23/2013,Rathbone Multi Asset Strategic Gr S Acc,1.1254
09/24/2013,Rathbone Multi Asset Strategic Gr S Acc,1.1251
09/25/2013,Rathbone Multi Asset Strategic Gr S Acc,1.1235
09/26/2013,Rathbone Multi Asset Strategic Gr S Acc,1.1231
09/27/2013,Rathbone Multi Asset Strategic Gr S Acc,1.1213
09/28/2013,Rathbone Multi Asset Strategic Gr S Acc,1.1213
09/29/2013,Rathbone Multi Asset Strategic Gr S Acc,1.1213
09/30/2013,Rathbone Multi Asset Strategic Gr S Acc,1.1197
10/01/2013,Rathbone Multi Asset Strategic Gr S Acc,1.1142
10/02/2013,Rathbone Multi Asset Strategic Gr S Acc,1.1167
10/03/2013,Rathbone Multi Asset Strategic Gr S Acc,1.1195
10/04/2013,Rathbone Multi Asset Strategic Gr S Acc,1.1231
10/05/2013,Rathbone Multi Asset Strategic Gr S Acc,1.1231
10/06/2013,Rathbone Multi Asset Strategic Gr S Acc,1.1231
10/07/2013,Rathbone Multi Asset Strategic Gr S Acc,1.1233
10/08/2013,Rathbone Multi Asset Strategic Gr S Acc,1.122
10/09/2013,Rathbone Multi Asset Strategic Gr S Acc,1.12
10/10/2013,Rathbone Multi Asset Strategic Gr S Acc,1.1188
10/11/2013,Rathbone Multi Asset Strategic Gr S Acc,1.1221
10/12/2013,Rathbone Multi Asset Strategic Gr S Acc,1.1221
10/13/2013,Rathbone Multi Asset Strategic Gr S Acc,1.1221
10/14/2013,Rathbone Multi Asset Strategic Gr S Acc,1.1278
10/15/2013,Rathbone Multi Asset Strategic Gr S Acc,1.1321
10/16/2013,Rathbone Multi Asset Strategic Gr S Acc,1.1305
10/17/2013,Rathbone Multi Asset Strategic Gr S Acc,1.1323
10/18/2013,Rathbone Multi Asset Strategic Gr S Acc,1.1339
10/19/2013,Rathbone Multi Asset Strategic Gr S Acc,1.1339
10/20/2013,Rathbone Multi Asset Strategic Gr S Acc,1.1339
10/21/2013,Rathbone Multi Asset Strategic Gr S Acc,1.1379
10/22/2013,Rathbone Multi Asset Strategic Gr S Acc,1.1409
10/23/2013,Rathbone Multi Asset Strategic Gr S Acc,1.1432
10/24/2013,Rathbone Multi Asset Strategic Gr S Acc,1.1424
10/25/2013,Rathbone Multi Asset Strategic Gr S Acc,1.1423
10/26/2013,Rathbone Multi Asset Strategic Gr S Acc,1.1423
10/27/2013,Rathbone Multi Asset Strategic Gr S Acc,1.1423
10/28/2013,Rathbone Multi Asset Strategic Gr S Acc,1.1438
10/29/2013,Rathbone Multi Asset Strategic Gr S Acc,1.1468
10/30/2013,Rathbone Multi Asset Strategic Gr S Acc,1.1505
10/31/2013,Rathbone Multi Asset Strategic Gr S Acc,1.1509
11/01/2013,Rathbone Multi Asset Strategic Gr S Acc,1.1494
11/02/2013,Rathbone Multi Asset Strategic Gr S Acc,1.1494
11/03/2013,Rathbone Multi Asset Strategic Gr S Acc,1.1494
11/04/2013,Rathbone Multi Asset Strategic Gr S Acc,1.1501
11/05/2013,Rathbone Multi Asset Strategic Gr S Acc,1.1507
11/06/2013,Rathbone Multi Asset Strategic Gr S Acc,1.1494
11/07/2013,Rathbone Multi Asset Strategic Gr S Acc,1.1484
11/08/2013,Rathbone Multi Asset Strategic Gr S Acc,1.1462
11/09/2013,Rathbone Multi Asset Strategic Gr S Acc,1.1462
11/10/2013,Rathbone Multi Asset Strategic Gr S Acc,1.1462
11/11/2013,Rathbone Multi Asset Strategic Gr S Acc,1.1458
11/12/2013,Rathbone Multi Asset Strategic Gr S Acc,1.1519
11/13/2013,Rathbone Multi Asset Strategic Gr S Acc,1.1508
11/14/2013,Rathbone Multi Asset Strategic Gr S Acc,1.1487
11/15/2013,Rathbone Multi Asset Strategic Gr S Acc,1.1495
11/16/2013,Rathbone Multi Asset Strategic Gr S Acc,1.1495
11/17/2013,Rathbone Multi Asset Strategic Gr S Acc,1.1495
11/18/2013,Rathbone Multi Asset Strategic Gr S Acc,1.1512
11/19/2013,Rathbone Multi Asset Strategic Gr S Acc,1.1501
11/20/2013,Rathbone Multi Asset Strategic Gr S Acc,1.1478
11/21/2013,Rathbone Multi Asset Strategic Gr S Acc,1.1449
11/22/2013,Rathbone Multi Asset Strategic Gr S Acc,1.1434
11/23/2013,Rathbone Multi Asset Strategic Gr S Acc,1.1434
11/24/2013,Rathbone Multi Asset Strategic Gr S Acc,1.1434
11/25/2013,Rathbone Multi Asset Strategic Gr S Acc,1.1463
11/26/2013,Rathbone Multi Asset Strategic Gr S Acc,1.1481
11/27/2013,Rathbone Multi Asset Strategic Gr S Acc,1.1464
11/28/2013,Rathbone Multi Asset Strategic Gr S Acc,1.1466
11/29/2013,Rathbone Multi Asset Strategic Gr S Acc,1.1465
11/30/2013,Rathbone Multi Asset Strategic Gr S Acc,1.1465
12/01/2013,Rathbone Multi Asset Strategic Gr S Acc,1.1465
12/02/2013,Rathbone Multi Asset Strategic Gr S Acc,1.1453
12/03/2013,Rathbone Multi Asset Strategic Gr S Acc,1.1418
12/04/2013,Rathbone Multi Asset Strategic Gr S Acc,1.1422
12/05/2013,Rathbone Multi Asset Strategic Gr S Acc,1.1401
12/06/2013,Rathbone Multi Asset Strategic Gr S Acc,1.1393
12/07/2013,Rathbone Multi Asset Strategic Gr S Acc,1.1393
12/08/2013,Rathbone Multi Asset Strategic Gr S Acc,1.1393
12/09/2013,Rathbone Multi Asset Strategic Gr S Acc,1.1402
12/10/2013,Rathbone Multi Asset Strategic Gr S Acc,1.1409
12/11/2013,Rathbone Multi Asset Strategic Gr S Acc,1.1425
12/12/2013,Rathbone Multi Asset Strategic Gr S Acc,1.1397
12/13/2013,Rathbone Multi Asset Strategic Gr S Acc,1.1379
12/14/2013,Rathbone Multi Asset Strategic Gr S Acc,1.1379
12/15/2013,Rathbone Multi Asset Strategic Gr S Acc,1.1379
12/16/2013,Rathbone Multi Asset Strategic Gr S Acc,1.1385
12/17/2013,Rathbone Multi Asset Strategic Gr S Acc,1.1417
12/18/2013,Rathbone Multi Asset Strategic Gr S Acc,1.14
12/19/2013,Rathbone Multi Asset Strategic Gr S Acc,1.1421
12/20/2013,Rathbone Multi Asset Strategic Gr S Acc,1.1456
12/21/2013,Rathbone Multi Asset Strategic Gr S Acc,1.1456
12/22/2013,Rathbone Multi Asset Strategic Gr S Acc,1.1456
12/23/2013,Rathbone Multi Asset Strategic Gr S Acc,1.1479
12/24/2013,Rathbone Multi Asset Strategic Gr S Acc,1.1517
12/25/2013,Rathbone Multi Asset Strategic Gr S Acc,1.1517
12/26/2013,Rathbone Multi Asset Strategic Gr S Acc,1.1517
12/27/2013,Rathbone Multi Asset Strategic Gr S Acc,1.1511
12/28/2013,Rathbone Multi Asset Strategic Gr S Acc,1.1511
12/29/2013,Rathbone Multi Asset Strategic Gr S Acc,1.1511
12/30/2013,Rathbone Multi Asset Strategic Gr S Acc,1.1532
12/31/2013,Rathbone Multi Asset Strategic Gr S Acc,1.1523
01/01/2014,Rathbone Multi Asset Strategic Gr S Acc,1.1523
01/02/2014,Rathbone Multi Asset Strategic Gr S Acc,1.1534
01/03/2014,Rathbone Multi Asset Strategic Gr S Acc,1.1533
01/04/2014,Rathbone Multi Asset Strategic Gr S Acc,1.1533
01/05/2014,Rathbone Multi Asset Strategic Gr S Acc,1.1533
01/06/2014,Rathbone Multi Asset Strategic Gr S Acc,1.1557
01/07/2014,Rathbone Multi Asset Strategic Gr S Acc,1.1553
01/08/2014,Rathbone Multi Asset Strategic Gr S Acc,1.1571
01/09/2014,Rathbone Multi Asset Strategic Gr S Acc,1.1586
01/10/2014,Rathbone Multi Asset Strategic Gr S Acc,1.1618
01/11/2014,Rathbone Multi Asset Strategic Gr S Acc,1.1618
01/12/2014,Rathbone Multi Asset Strategic Gr S Acc,1.1618
01/13/2014,Rathbone Multi Asset Strategic Gr S Acc,1.1644
01/14/2014,Rathbone Multi Asset Strategic Gr S Acc,1.1633
01/15/2014,Rathbone Multi Asset Strategic Gr S Acc,1.1644
01/16/2014,Rathbone Multi Asset Strategic Gr S Acc,1.1695
01/17/2014,Rathbone Multi Asset Strategic Gr S Acc,1.1701
01/18/2014,Rathbone Multi Asset Strategic Gr S Acc,1.1701
01/19/2014,Rathbone Multi Asset Strategic Gr S Acc,1.1701
01/20/2014,Rathbone Multi Asset Strategic Gr S Acc,1.1679
01/21/2014,Rathbone Multi Asset Strategic Gr S Acc,1.1675
01/22/2014,Rathbone Multi Asset Strategic Gr S Acc,1.1647
01/23/2014,Rathbone Multi Asset Strategic Gr S Acc,1.1636
01/24/2014,Rathbone Multi Asset Strategic Gr S Acc,1.1604
01/25/2014,Rathbone Multi Asset Strategic Gr S Acc,1.1604
01/26/2014,Rathbone Multi Asset Strategic Gr S Acc,1.1604
01/27/2014,Rathbone Multi Asset Strategic Gr S Acc,1.1519
01/28/2014,Rathbone Multi Asset Strategic Gr S Acc,1.1454
01/29/2014,Rathbone Multi Asset Strategic Gr S Acc,1.1476
01/30/2014,Rathbone Multi Asset Strategic Gr S Acc,1.1484
01/31/2014,Rathbone Multi Asset Strategic Gr S Acc,1.1484
02/01/2014,Rathbone Multi Asset Strategic Gr S Acc,1.1484
02/02/2014,Rathbone Multi Asset Strategic Gr S Acc,1.1484
02/03/2014,Rathbone Multi Asset Strategic Gr S Acc,1.1502
02/04/2014,Rathbone Multi Asset Strategic Gr S Acc,1.1449
02/05/2014,Rathbone Multi Asset Strategic Gr S Acc,1.1411
02/06/2014,Rathbone Multi Asset Strategic Gr S Acc,1.1426
02/07/2014,Rathbone Multi Asset Strategic Gr S Acc,1.145
02/08/2014,Rathbone Multi Asset Strategic Gr S Acc,1.145
02/09/2014,Rathbone Multi Asset Strategic Gr S Acc,1.145
02/10/2014,Rathbone Multi Asset Strategic Gr S Acc,1.1506
02/11/2014,Rathbone Multi Asset Strategic Gr S Acc,1.1506
02/12/2014,Rathbone Multi Asset Strategic Gr S Acc,1.1524
02/13/2014,Rathbone Multi Asset Strategic Gr S Acc,1.1506
02/14/2014,Rathbone Multi Asset Strategic Gr S Acc,1.1496
02/15/2014,Rathbone Multi Asset Strategic Gr S Acc,1.1496
02/16/2014,Rathbone Multi Asset Strategic Gr S Acc,1.1496
02/17/2014,Rathbone Multi Asset Strategic Gr S Acc,1.1514
02/18/2014,Rathbone Multi Asset Strategic Gr S Acc,1.1535
02/19/2014,Rathbone Multi Asset Strategic Gr S Acc,1.1562
02/20/2014,Rathbone Multi Asset Strategic Gr S Acc,1.1563
02/21/2014,Rathbone Multi Asset Strategic Gr S Acc,1.1566
02/22/2014,Rathbone Multi Asset Strategic Gr S Acc,1.1566
02/23/2014,Rathbone Multi Asset Strategic Gr S Acc,1.1566
02/24/2014,Rathbone Multi Asset Strategic Gr S Acc,1.1595
02/25/2014,Rathbone Multi Asset Strategic Gr S Acc,1.1607
02/26/2014,Rathbone Multi Asset Strategic Gr S Acc,1.1614
02/27/2014,Rathbone Multi Asset Strategic Gr S Acc,1.1624
02/28/2014,Rathbone Multi Asset Strategic Gr S Acc,1.1617
03/01/2014,Rathbone Multi Asset Strategic Gr S Acc,1.1617
03/02/2014,Rathbone Multi Asset Strategic Gr S Acc,1.1617
03/03/2014,Rathbone Multi Asset Strategic Gr S Acc,1.1612
03/04/2014,Rathbone Multi Asset Strategic Gr S Acc,1.1621
03/05/2014,Rathbone Multi Asset Strategic Gr S Acc,1.1656
03/06/2014,Rathbone Multi Asset Strategic Gr S Acc,1.1698
03/07/2014,Rathbone Multi Asset Strategic Gr S Acc,1.1698
03/08/2014,Rathbone Multi Asset Strategic Gr S Acc,1.1698
03/09/2014,Rathbone Multi Asset Strategic Gr S Acc,1.1698
03/10/2014,Rathbone Multi Asset Strategic Gr S Acc,1.1703
03/11/2014,Rathbone Multi Asset Strategic Gr S Acc,1.1724
03/12/2014,Rathbone Multi Asset Strategic Gr S Acc,1.1683
03/13/2014,Rathbone Multi Asset Strategic Gr S Acc,1.1647
03/14/2014,Rathbone Multi Asset Strategic Gr S Acc,1.1625
03/15/2014,Rathbone Multi Asset Strategic Gr S Acc,1.1625
03/16/2014,Rathbone Multi Asset Strategic Gr S Acc,1.1625
03/17/2014,Rathbone Multi Asset Strategic Gr S Acc,1.1591
03/18/2014,Rathbone Multi Asset Strategic Gr S Acc,1.1612
03/19/2014,Rathbone Multi Asset Strategic Gr S Acc,1.1646
03/20/2014,Rathbone Multi Asset Strategic Gr S Acc,1.1671
03/21/2014,Rathbone Multi Asset Strategic Gr S Acc,1.1659
03/22/2014,Rathbone Multi Asset Strategic Gr S Acc,1.1659
03/23/2014,Rathbone Multi Asset Strategic Gr S Acc,1.1659
03/24/2014,Rathbone Multi Asset Strategic Gr S Acc,1.1673
03/25/2014,Rathbone Multi Asset Strategic Gr S Acc,1.1652
03/26/2014,Rathbone Multi Asset Strategic Gr S Acc,1.1647
03/27/2014,Rathbone Multi Asset Strategic Gr S Acc,1.163
03/28/2014,Rathbone Multi Asset Strategic Gr S Acc,1.1614
03/29/2014,Rathbone Multi Asset Strategic Gr S Acc,1.1614
03/30/2014,Rathbone Multi Asset Strategic Gr S Acc,1.1614
03/31/2014,Rathbone Multi Asset Strategic Gr S Acc,1.161
04/01/2014,Rathbone Multi Asset Strategic Gr S Acc,1.1655
04/02/2014,Rathbone Multi Asset Strategic Gr S Acc,1.1684
04/03/2014,Rathbone Multi Asset Strategic Gr S Acc,1.1725
04/04/2014,Rathbone Multi Asset Strategic Gr S Acc,1.1744
04/05/2014,Rathbone Multi Asset Strategic Gr S Acc,1.1744
04/06/2014,Rathbone Multi Asset Strategic Gr S Acc,1.1744
04/07/2014,Rathbone Multi Asset Strategic Gr S Acc,1.1723
04/08/2014,Rathbone Multi Asset Strategic Gr S Acc,1.1644
04/09/2014,Rathbone Multi Asset Strategic Gr S Acc,1.1595
04/10/2014,Rathbone Multi Asset Strategic Gr S Acc,1.1624
04/11/2014,Rathbone Multi Asset Strategic Gr S Acc,1.1597
04/12/2014,Rathbone Multi Asset Strategic Gr S Acc,1.1597
04/13/2014,Rathbone Multi Asset Strategic Gr S Acc,1.1597
04/14/2014,Rathbone Multi Asset Strategic Gr S Acc,1.1516
04/15/2014,Rathbone Multi Asset Strategic Gr S Acc,1.1495
04/16/2014,Rathbone Multi Asset Strategic Gr S Acc,1.15
04/17/2014,Rathbone Multi Asset Strategic Gr S Acc,1.1515
04/18/2014,Rathbone Multi Asset Strategic Gr S Acc,1.1515
04/19/2014,Rathbone Multi Asset Strategic Gr S Acc,1.1515
04/20/2014,Rathbone Multi Asset Strategic Gr S Acc,1.1515
04/21/2014,Rathbone Multi Asset Strategic Gr S Acc,1.1515
04/22/2014,Rathbone Multi Asset Strategic Gr S Acc,1.1563
04/23/2014,Rathbone Multi Asset Strategic Gr S Acc,1.1592
04/24/2014,Rathbone Multi Asset Strategic Gr S Acc,1.1612
04/25/2014,Rathbone Multi Asset Strategic Gr S Acc,1.1605
04/26/2014,Rathbone Multi Asset Strategic Gr S Acc,1.1605
04/27/2014,Rathbone Multi Asset Strategic Gr S Acc,1.1605
04/28/2014,Rathbone Multi Asset Strategic Gr S Acc,1.1577
04/29/2014,Rathbone Multi Asset Strategic Gr S Acc,1.1564
04/30/2014,Rathbone Multi Asset Strategic Gr S Acc,1.1571
05/01/2014,Rathbone Multi Asset Strategic Gr S Acc,1.1565
05/02/2014,Rathbone Multi Asset Strategic Gr S Acc,1.1586
05/03/2014,Rathbone Multi Asset Strategic Gr S Acc,1.1586
05/04/2014,Rathbone Multi Asset Strategic Gr S Acc,1.1586
05/05/2014,Rathbone Multi Asset Strategic Gr S Acc,1.1586
05/06/2014,Rathbone Multi Asset Strategic Gr S Acc,1.1584
05/07/2014,Rathbone Multi Asset Strategic Gr S Acc,1.1566
05/08/2014,Rathbone Multi Asset Strategic Gr S Acc,1.1557
05/09/2014,Rathbone Multi Asset Strategic Gr S Acc,1.1562
05/10/2014,Rathbone Multi Asset Strategic Gr S Acc,1.1562
05/11/2014,Rathbone Multi Asset Strategic Gr S Acc,1.1562
05/12/2014,Rathbone Multi Asset Strategic Gr S Acc,1.1575
05/13/2014,Rathbone Multi Asset Strategic Gr S Acc,1.1613
05/14/2014,Rathbone Multi Asset Strategic Gr S Acc,1.1646
05/15/2014,Rathbone Multi Asset Strategic Gr S Acc,1.1651
05/16/2014,Rathbone Multi Asset Strategic Gr S Acc,1.1599
05/17/2014,Rathbone Multi Asset Strategic Gr S Acc,1.1599
05/18/2014,Rathbone Multi Asset Strategic Gr S Acc,1.1599
05/19/2014,Rathbone Multi Asset Strategic Gr S Acc,1.1556
05/20/2014,Rathbone Multi Asset Strategic Gr S Acc,1.156
05/21/2014,Rathbone Multi Asset Strategic Gr S Acc,1.1558
05/22/2014,Rathbone Multi Asset Strategic Gr S Acc,1.1563
05/23/2014,Rathbone Multi Asset Strategic Gr S Acc,1.1598
05/24/2014,Rathbone Multi Asset Strategic Gr S Acc,1.1598
05/25/2014,Rathbone Multi Asset Strategic Gr S Acc,1.1598
05/26/2014,Rathbone Multi Asset Strategic Gr S Acc,1.1598
05/27/2014,Rathbone Multi Asset Strategic Gr S Acc,1.1633
05/28/2014,Rathbone Multi Asset Strategic Gr S Acc,1.1692
05/29/2014,Rathbone Multi Asset Strategic Gr S Acc,1.1726
05/30/2014,Rathbone Multi Asset Strategic Gr S Acc,1.175
05/31/2014,Rathbone Multi Asset Strategic Gr S Acc,1.175
06/01/2014,Rathbone Multi Asset Strategic Gr S Acc,1.175
06/02/2014,Rathbone Multi Asset Strategic Gr S Acc,1.175
06/03/2014,Rathbone Multi Asset Strategic Gr S Acc,1.1759
06/04/2014,Rathbone Multi Asset Strategic Gr S Acc,1.1756
06/05/2014,Rathbone Multi Asset Strategic Gr S Acc,1.1745
06/06/2014,Rathbone Multi Asset Strategic Gr S Acc,1.1761
06/07/2014,Rathbone Multi Asset Strategic Gr S Acc,1.1761
06/08/2014,Rathbone Multi Asset Strategic Gr S Acc,1.1761
06/09/2014,Rathbone Multi Asset Strategic Gr S Acc,1.1804
06/10/2014,Rathbone Multi Asset Strategic Gr S Acc,1.1834
06/11/2014,Rathbone Multi Asset Strategic Gr S Acc,1.1836
06/12/2014,Rathbone Multi Asset Strategic Gr S Acc,1.1823
06/13/2014,Rathbone Multi Asset Strategic Gr S Acc,1.1767
06/14/2014,Rathbone Multi Asset Strategic Gr S Acc,1.1767
06/15/2014,Rathbone Multi Asset Strategic Gr S Acc,1.1767
06/16/2014,Rathbone Multi Asset Strategic Gr S Acc,1.1727
06/17/2014,Rathbone Multi Asset Strategic Gr S Acc,1.1705
06/18/2014,Rathbone Multi Asset Strategic Gr S Acc,1.1717
06/19/2014,Rathbone Multi Asset Strategic Gr S Acc,1.1739
06/20/2014,Rathbone Multi Asset Strategic Gr S Acc,1.1749
06/21/2014,Rathbone Multi Asset Strategic Gr S Acc,1.1749
06/22/2014,Rathbone Multi Asset Strategic Gr S Acc,1.1749
06/23/2014,Rathbone Multi Asset Strategic Gr S Acc,1.1757
06/24/2014,Rathbone Multi Asset Strategic Gr S Acc,1.1755
06/25/2014,Rathbone Multi Asset Strategic Gr S Acc,1.1737
06/26/2014,Rathbone Multi Asset Strategic Gr S Acc,1.1726
06/27/2014,Rathbone Multi Asset Strategic Gr S Acc,1.173
06/28/2014,Rathbone Multi Asset Strategic Gr S Acc,1.173
06/29/2014,Rathbone Multi Asset Strategic Gr S Acc,1.173
06/30/2014,Rathbone Multi Asset Strategic Gr S Acc,1.1735
07/01/2014,Rathbone Multi Asset Strategic Gr S Acc,1.1737
07/02/2014,Rathbone Multi Asset Strategic Gr S Acc,1.1743
07/03/2014,Rathbone Multi Asset Strategic Gr S Acc,1.1763
07/04/2014,Rathbone Multi Asset Strategic Gr S Acc,1.178
07/05/2014,Rathbone Multi Asset Strategic Gr S Acc,1.178
07/06/2014,Rathbone Multi Asset Strategic Gr S Acc,1.178
07/07/2014,Rathbone Multi Asset Strategic Gr S Acc,1.1799
07/08/2014,Rathbone Multi Asset Strategic Gr S Acc,1.178
07/09/2014,Rathbone Multi Asset Strategic Gr S Acc,1.1749
07/10/2014,Rathbone Multi Asset Strategic Gr S Acc,1.1707
07/11/2014,Rathbone Multi Asset Strategic Gr S Acc,1.1698
07/12/2014,Rathbone Multi Asset Strategic Gr S Acc,1.1698
07/13/2014,Rathbone Multi Asset Strategic Gr S Acc,1.1698
07/14/2014,Rathbone Multi Asset Strategic Gr S Acc,1.1699
07/15/2014,Rathbone Multi Asset Strategic Gr S Acc,1.1703
07/16/2014,Rathbone Multi Asset Strategic Gr S Acc,1.17
07/17/2014,Rathbone Multi Asset Strategic Gr S Acc,1.1702
07/18/2014,Rathbone Multi Asset Strategic Gr S Acc,1.168
07/19/2014,Rathbone Multi Asset Strategic Gr S Acc,1.168
07/20/2014,Rathbone Multi Asset Strategic Gr S Acc,1.168
07/21/2014,Rathbone Multi Asset Strategic Gr S Acc,1.1685
07/22/2014,Rathbone Multi Asset Strategic Gr S Acc,1.1695
07/23/2014,Rathbone Multi Asset Strategic Gr S Acc,1.1713
07/24/2014,Rathbone Multi Asset Strategic Gr S Acc,1.1748
07/25/2014,Rathbone Multi Asset Strategic Gr S Acc,1.1757
07/26/2014,Rathbone Multi Asset Strategic Gr S Acc,1.1757
07/27/2014,Rathbone Multi Asset Strategic Gr S Acc,1.1757
07/28/2014,Rathbone Multi Asset Strategic Gr S Acc,1.1753
07/29/2014,Rathbone Multi Asset Strategic Gr S Acc,1.1751
07/30/2014,Rathbone Multi Asset Strategic Gr S Acc,1.1752
07/31/2014,Rathbone Multi Asset Strategic Gr S Acc,1.1779
08/01/2014,Rathbone Multi Asset Strategic Gr S Acc,1.1742
08/02/2014,Rathbone Multi Asset Strategic Gr S Acc,1.1742
08/03/2014,Rathbone Multi Asset Strategic Gr S Acc,1.1742
08/04/2014,Rathbone Multi Asset Strategic Gr S Acc,1.1694
08/05/2014,Rathbone Multi Asset Strategic Gr S Acc,1.1676
08/06/2014,Rathbone Multi Asset Strategic Gr S Acc,1.1667
08/07/2014,Rathbone Multi Asset Strategic Gr S Acc,1.1637
08/08/2014,Rathbone Multi Asset Strategic Gr S Acc,1.162
08/09/2014,Rathbone Multi Asset Strategic Gr S Acc,1.162
08/10/2014,Rathbone Multi Asset Strategic Gr S Acc,1.162
08/11/2014,Rathbone Multi Asset Strategic Gr S Acc,1.1636
08/12/2014,Rathbone Multi Asset Strategic Gr S Acc,1.167
08/13/2014,Rathbone Multi Asset Strategic Gr S Acc,1.1702
08/14/2014,Rathbone Multi Asset Strategic Gr S Acc,1.1733
08/15/2014,Rathbone Multi Asset Strategic Gr S Acc,1.1768
08/16/2014,Rathbone Multi Asset Strategic Gr S Acc,1.1768
08/17/2014,Rathbone Multi Asset Strategic Gr S Acc,1.1768
08/18/2014,Rathbone Multi Asset Strategic Gr S Acc,1.1777
08/19/2014,Rathbone Multi Asset Strategic Gr S Acc,1.1808
08/20/2014,Rathbone Multi Asset Strategic Gr S Acc,1.1842
08/21/2014,Rathbone Multi Asset Strategic Gr S Acc,1.186
08/22/2014,Rathbone Multi Asset Strategic Gr S Acc,1.1867
08/23/2014,Rathbone Multi Asset Strategic Gr S Acc,1.1867
08/24/2014,Rathbone Multi Asset Strategic Gr S Acc,1.1867
08/25/2014,Rathbone Multi Asset Strategic Gr S Acc,1.1867
08/26/2014,Rathbone Multi Asset Strategic Gr S Acc,1.1893
08/27/2014,Rathbone Multi Asset Strategic Gr S Acc,1.1922
08/28/2014,Rathbone Multi Asset Strategic Gr S Acc,1.1932
08/29/2014,Rathbone Multi Asset Strategic Gr S Acc,1.1925
08/30/2014,Rathbone Multi Asset Strategic Gr S Acc,1.1925
08/31/2014,Rathbone Multi Asset Strategic Gr S Acc,1.1925
09/01/2014,Rathbone Multi Asset Strategic Gr S Acc,1.1923
09/02/2014,Rathbone Multi Asset Strategic Gr S Acc,1.1947
09/03/2014,Rathbone Multi Asset Strategic Gr S Acc,1.1976
09/04/2014,Rathbone Multi Asset Strategic Gr S Acc,1.2003
09/05/2014,Rathbone Multi Asset Strategic Gr S Acc,1.203
09/06/2014,Rathbone Multi Asset Strategic Gr S Acc,1.203
09/07/2014,Rathbone Multi Asset Strategic Gr S Acc,1.203
09/08/2014,Rathbone Multi Asset Strategic Gr S Acc,1.2058
09/09/2014,Rathbone Multi Asset Strategic Gr S Acc,1.2072
09/10/2014,Rathbone Multi Asset Strategic Gr S Acc,1.2048
09/11/2014,Rathbone Multi Asset Strategic Gr S Acc,1.2024
09/12/2014,Rathbone Multi Asset Strategic Gr S Acc,1.202
09/13/2014,Rathbone Multi Asset Strategic Gr S Acc,1.202
09/14/2014,Rathbone Multi Asset Strategic Gr S Acc,1.202
09/15/2014,Rathbone Multi Asset Strategic Gr S Acc,1.2
09/16/2014,Rathbone Multi Asset Strategic Gr S Acc,1.1987
09/17/2014,Rathbone Multi Asset Strategic Gr S Acc,1.1965
09/18/2014,Rathbone Multi Asset Strategic Gr S Acc,1.1963
09/19/2014,Rathbone Multi Asset Strategic Gr S Acc,1.1972
09/20/2014,Rathbone Multi Asset Strategic Gr S Acc,1.1972
09/21/2014,Rathbone Multi Asset Strategic Gr S Acc,1.1972
09/22/2014,Rathbone Multi Asset Strategic Gr S Acc,1.1998
09/23/2014,Rathbone Multi Asset Strategic Gr S Acc,1.1956
09/24/2014,Rathbone Multi Asset Strategic Gr S Acc,1.191
09/25/2014,Rathbone Multi Asset Strategic Gr S Acc,1.1935
09/26/2014,Rathbone Multi Asset Strategic Gr S Acc,1.1902
09/27/2014,Rathbone Multi Asset Strategic Gr S Acc,1.1902
09/28/2014,Rathbone Multi Asset Strategic Gr S Acc,1.1902
09/29/2014,Rathbone Multi Asset Strategic Gr S Acc,1.1911
09/30/2014,Rathbone Multi Asset Strategic Gr S Acc,1.1918
10/01/2014,Rathbone Multi Asset Strategic Gr S Acc,1.1895
10/02/2014,Rathbone Multi Asset Strategic Gr S Acc,1.1851
10/03/2014,Rathbone Multi Asset Strategic Gr S Acc,1.1801
10/04/2014,Rathbone Multi Asset Strategic Gr S Acc,1.1801
10/05/2014,Rathbone Multi Asset Strategic Gr S Acc,1.1801
10/06/2014,Rathbone Multi Asset Strategic Gr S Acc,1.1837
10/07/2014,Rathbone Multi Asset Strategic Gr S Acc,1.184
10/08/2014,Rathbone Multi Asset Strategic Gr S Acc,1.1793
10/09/2014,Rathbone Multi Asset Strategic Gr S Acc,1.1737
10/10/2014,Rathbone Multi Asset Strategic Gr S Acc,1.1689
10/11/2014,Rathbone Multi Asset Strategic Gr S Acc,1.1689
10/12/2014,Rathbone Multi Asset Strategic Gr S Acc,1.1689
10/13/2014,Rathbone Multi Asset Strategic Gr S Acc,1.1599
10/14/2014,Rathbone Multi Asset Strategic Gr S Acc,1.1559
10/15/2014,Rathbone Multi Asset Strategic Gr S Acc,1.1546
10/16/2014,Rathbone Multi Asset Strategic Gr S Acc,1.1502
10/17/2014,Rathbone Multi Asset Strategic Gr S Acc,1.1456
10/18/2014,Rathbone Multi Asset Strategic Gr S Acc,1.1456
10/19/2014,Rathbone Multi Asset Strategic Gr S Acc,1.1456
10/20/2014,Rathbone Multi Asset Strategic Gr S Acc,1.149
10/21/2014,Rathbone Multi Asset Strategic Gr S Acc,1.1524
10/22/2014,Rathbone Multi Asset Strategic Gr S Acc,1.1619
10/23/2014,Rathbone Multi Asset Strategic Gr S Acc,1.1659
10/24/2014,Rathbone Multi Asset Strategic Gr S Acc,1.169
10/25/2014,Rathbone Multi Asset Strategic Gr S Acc,1.169
10/26/2014,Rathbone Multi Asset Strategic Gr S Acc,1.169
10/27/2014,Rathbone Multi Asset Strategic Gr S Acc,1.1711
10/28/2014,Rathbone Multi Asset Strategic Gr S Acc,1.1693
10/29/2014,Rathbone Multi Asset Strategic Gr S Acc,1.1741
10/30/2014,Rathbone Multi Asset Strategic Gr S Acc,1.1793
10/31/2014,Rathbone Multi Asset Strategic Gr S Acc,1.1828
11/01/2014,Rathbone Multi Asset Strategic Gr S Acc,1.1828
11/02/2014,Rathbone Multi Asset Strategic Gr S Acc,1.1828
11/03/2014,Rathbone Multi Asset Strategic Gr S Acc,1.1895
11/04/2014,Rathbone Multi Asset Strategic Gr S Acc,1.1915
11/05/2014,Rathbone Multi Asset Strategic Gr S Acc,1.1932
11/06/2014,Rathbone Multi Asset Strategic Gr S Acc,1.1935
11/07/2014,Rathbone Multi Asset Strategic Gr S Acc,1.1984
11/08/2014,Rathbone Multi Asset Strategic Gr S Acc,1.1984
11/09/2014,Rathbone Multi Asset Strategic Gr S Acc,1.1984
11/10/2014,Rathbone Multi Asset Strategic Gr S Acc,1.1984
11/11/2014,Rathbone Multi Asset Strategic Gr S Acc,1.2
11/12/2014,Rathbone Multi Asset Strategic Gr S Acc,1.201
11/13/2014,Rathbone Multi Asset Strategic Gr S Acc,1.2042
11/14/2014,Rathbone Multi Asset Strategic Gr S Acc,1.2061
11/15/2014,Rathbone Multi Asset Strategic Gr S Acc,1.2061
11/16/2014,Rathbone Multi Asset Strategic Gr S Acc,1.2061
11/17/2014,Rathbone Multi Asset Strategic Gr S Acc,1.207
11/18/2014,Rathbone Multi Asset Strategic Gr S Acc,1.209
11/19/2014,Rathbone Multi Asset Strategic Gr S Acc,1.2114
11/20/2014,Rathbone Multi Asset Strategic Gr S Acc,1.211
11/21/2014,Rathbone Multi Asset Strategic Gr S Acc,1.2127
11/22/2014,Rathbone Multi Asset Strategic Gr S Acc,1.2127
11/23/2014,Rathbone Multi Asset Strategic Gr S Acc,1.2127
11/24/2014,Rathbone Multi Asset Strategic Gr S Acc,1.2159
11/25/2014,Rathbone Multi Asset Strategic Gr S Acc,1.2183
11/26/2014,Rathbone Multi Asset Strategic Gr S Acc,1.2191
11/27/2014,Rathbone Multi Asset Strategic Gr S Acc,1.22
11/28/2014,Rathbone Multi Asset Strategic Gr S Acc,1.221
11/29/2014,Rathbone Multi Asset Strategic Gr S Acc,1.221
11/30/2014,Rathbone Multi Asset Strategic Gr S Acc,1.221
12/01/2014,Rathbone Multi Asset Strategic Gr S Acc,1.2206
12/02/2014,Rathbone Multi Asset Strategic Gr S Acc,1.221
12/03/2014,Rathbone Multi Asset Strategic Gr S Acc,1.2207
12/04/2014,Rathbone Multi Asset Strategic Gr S Acc,1.2217
12/05/2014,Rathbone Multi Asset Strategic Gr S Acc,1.2228
12/06/2014,Rathbone Multi Asset Strategic Gr S Acc,1.2228
12/07/2014,Rathbone Multi Asset Strategic Gr S Acc,1.2228
12/08/2014,Rathbone Multi Asset Strategic Gr S Acc,1.225
12/09/2014,Rathbone Multi Asset Strategic Gr S Acc,1.2228
12/10/2014,Rathbone Multi Asset Strategic Gr S Acc,1.2193
12/11/2014,Rathbone Multi Asset Strategic Gr S Acc,1.2136
12/12/2014,Rathbone Multi Asset Strategic Gr S Acc,1.2078
12/13/2014,Rathbone Multi Asset Strategic Gr S Acc,1.2078
12/14/2014,Rathbone Multi Asset Strategic Gr S Acc,1.2078
12/15/2014,Rathbone Multi Asset Strategic Gr S Acc,1.2048
12/16/2014,Rathbone Multi Asset Strategic Gr S Acc,1.1972
12/17/2014,Rathbone Multi Asset Strategic Gr S Acc,1.192
12/18/2014,Rathbone Multi Asset Strategic Gr S Acc,1.2013
12/19/2014,Rathbone Multi Asset Strategic Gr S Acc,1.2105
12/20/2014,Rathbone Multi Asset Strategic Gr S Acc,1.2105
12/21/2014,Rathbone Multi Asset Strategic Gr S Acc,1.2105
12/22/2014,Rathbone Multi Asset Strategic Gr S Acc,1.2184
12/23/2014,Rathbone Multi Asset Strategic Gr S Acc,1.2219
12/24/2014,Rathbone Multi Asset Strategic Gr S Acc,1.2235
12/25/2014,Rathbone Multi Asset Strategic Gr S Acc,1.2235
12/26/2014,Rathbone Multi Asset Strategic Gr S Acc,1.2235
12/27/2014,Rathbone Multi Asset Strategic Gr S Acc,1.2235
12/28/2014,Rathbone Multi Asset Strategic Gr S Acc,1.2235
12/29/2014,Rathbone Multi Asset Strategic Gr S Acc,1.2254
12/30/2014,Rathbone Multi Asset Strategic Gr S Acc,1.2281
12/31/2014,Rathbone Multi Asset Strategic Gr S Acc,1.2269
01/01/2015,Rathbone Multi Asset Strategic Gr S Acc,1.2269
01/02/2015,Rathbone Multi Asset Strategic Gr S Acc,1.2271
01/03/2015,Rathbone Multi Asset Strategic Gr S Acc,1.2271
01/04/2015,Rathbone Multi Asset Strategic Gr S Acc,1.2271
01/05/2015,Rathbone Multi Asset Strategic Gr S Acc,1.2308
01/06/2015,Rathbone Multi Asset Strategic Gr S Acc,1.2277
01/07/2015,Rathbone Multi Asset Strategic Gr S Acc,1.2237
01/08/2015,Rathbone Multi Asset Strategic Gr S Acc,1.2288
01/09/2015,Rathbone Multi Asset Strategic Gr S Acc,1.2321
01/10/2015,Rathbone Multi Asset Strategic Gr S Acc,1.2321
01/11/2015,Rathbone Multi Asset Strategic Gr S Acc,1.2321
01/12/2015,Rathbone Multi Asset Strategic Gr S Acc,1.233
01/13/2015,Rathbone Multi Asset Strategic Gr S Acc,1.23
01/14/2015,Rathbone Multi Asset Strategic Gr S Acc,1.2279
01/15/2015,Rathbone Multi Asset Strategic Gr S Acc,1.2249
01/16/2015,Rathbone Multi Asset Strategic Gr S Acc,1.2217
01/17/2015,Rathbone Multi Asset Strategic Gr S Acc,1.2217
01/18/2015,Rathbone Multi Asset Strategic Gr S Acc,1.2217
01/19/2015,Rathbone Multi Asset Strategic Gr S Acc,1.2237
01/20/2015,Rathbone Multi Asset Strategic Gr S Acc,1.2274
01/21/2015,Rathbone Multi Asset Strategic Gr S Acc,1.2308
01/22/2015,Rathbone Multi Asset Strategic Gr S Acc,1.2335
01/23/2015,Rathbone Multi Asset Strategic Gr S Acc,1.2435
01/24/2015,Rathbone Multi Asset Strategic Gr S Acc,1.2435
01/25/2015,Rathbone Multi Asset Strategic Gr S Acc,1.2435
01/26/2015,Rathbone Multi Asset Strategic Gr S Acc,1.2469
01/27/2015,Rathbone Multi Asset Strategic Gr S Acc,1.2478
01/28/2015,Rathbone Multi Asset Strategic Gr S Acc,1.2431
01/29/2015,Rathbone Multi Asset Strategic Gr S Acc,1.2387
01/30/2015,Rathbone Multi Asset Strategic Gr S Acc,1.2416
01/31/2015,Rathbone Multi Asset Strategic Gr S Acc,1.2416
02/01/2015,Rathbone Multi Asset Strategic Gr S Acc,1.2416
02/02/2015,Rathbone Multi Asset Strategic Gr S Acc,1.2417
02/03/2015,Rathbone Multi Asset Strategic Gr S Acc,1.2465
02/04/2015,Rathbone Multi Asset Strategic Gr S Acc,1.2473
02/05/2015,Rathbone Multi Asset Strategic Gr S Acc,1.2451
02/06/2015,Rathbone Multi Asset Strategic Gr S Acc,1.2459
02/07/2015,Rathbone Multi Asset Strategic Gr S Acc,1.2459
02/08/2015,Rathbone Multi Asset Strategic Gr S Acc,1.2459
02/09/2015,Rathbone Multi Asset Strategic Gr S Acc,1.2451
02/10/2015,Rathbone Multi Asset Strategic Gr S Acc,1.2432
02/11/2015,Rathbone Multi Asset Strategic Gr S Acc,1.2407
02/12/2015,Rathbone Multi Asset Strategic Gr S Acc,1.2403
02/13/2015,Rathbone Multi Asset Strategic Gr S Acc,1.2435
02/14/2015,Rathbone Multi Asset Strategic Gr S Acc,1.2435
02/15/2015,Rathbone Multi Asset Strategic Gr S Acc,1.2435
02/16/2015,Rathbone Multi Asset Strategic Gr S Acc,1.2469
02/17/2015,Rathbone Multi Asset Strategic Gr S Acc,1.2465
02/18/2015,Rathbone Multi Asset Strategic Gr S Acc,1.2475
02/19/2015,Rathbone Multi Asset Strategic Gr S Acc,1.2498
02/20/2015,Rathbone Multi Asset Strategic Gr S Acc,1.2524
02/21/2015,Rathbone Multi Asset Strategic Gr S Acc,1.2524
02/22/2015,Rathbone Multi Asset Strategic Gr S Acc,1.2524
02/23/2015,Rathbone Multi Asset Strategic Gr S Acc,1.2557
02/24/2015,Rathbone Multi Asset Strategic Gr S Acc,1.2556
02/25/2015,Rathbone Multi Asset Strategic Gr S Acc,1.2557
02/26/2015,Rathbone Multi Asset Strategic Gr S Acc,1.2566
02/27/2015,Rathbone Multi Asset Strategic Gr S Acc,1.2586
02/28/2015,Rathbone Multi Asset Strategic Gr S Acc,1.2586
03/01/2015,Rathbone Multi Asset Strategic Gr S Acc,1.2586
03/02/2015,Rathbone Multi Asset Strategic Gr S Acc,1.261
03/03/2015,Rathbone Multi Asset Strategic Gr S Acc,1.2641
03/04/2015,Rathbone Multi Asset Strategic Gr S Acc,1.2631
03/05/2015,Rathbone Multi Asset Strategic Gr S Acc,1.2656
03/06/2015,Rathbone Multi Asset Strategic Gr S Acc,1.2701
03/07/2015,Rathbone Multi Asset Strategic Gr S Acc,1.2701
03/08/2015,Rathbone Multi Asset Strategic Gr S Acc,1.2701
03/09/2015,Rathbone Multi Asset Strategic Gr S Acc,1.2691
03/10/2015,Rathbone Multi Asset Strategic Gr S Acc,1.2684
03/11/2015,Rathbone Multi Asset Strategic Gr S Acc,1.262
03/12/2015,Rathbone Multi Asset Strategic Gr S Acc,1.2633
03/13/2015,Rathbone Multi Asset Strategic Gr S Acc,1.2721
03/14/2015,Rathbone Multi Asset Strategic Gr S Acc,1.2721
03/15/2015,Rathbone Multi Asset Strategic Gr S Acc,1.2721
03/16/2015,Rathbone Multi Asset Strategic Gr S Acc,1.2758
03/17/2015,Rathbone Multi Asset Strategic Gr S Acc,1.2814
03/18/2015,Rathbone Multi Asset Strategic Gr S Acc,1.2853
03/19/2015,Rathbone Multi Asset Strategic Gr S Acc,1.2846
03/20/2015,Rathbone Multi Asset Strategic Gr S Acc,1.2908
03/21/2015,Rathbone Multi Asset Strategic Gr S Acc,1.2908
03/22/2015,Rathbone Multi Asset Strategic Gr S Acc,1.2908
03/23/2015,Rathbone Multi Asset Strategic Gr S Acc,1.2926
03/24/2015,Rathbone Multi Asset Strategic Gr S Acc,1.2935
03/25/2015,Rathbone Multi Asset Strategic Gr S Acc,1.2935
03/26/2015,Rathbone Multi Asset Strategic Gr S Acc,1.2863
03/27/2015,Rathbone Multi Asset Strategic Gr S Acc,1.2811
03/28/2015,Rathbone Multi Asset Strategic Gr S Acc,1.2811
03/29/2015,Rathbone Multi Asset Strategic Gr S Acc,1.2811
03/30/2015,Rathbone Multi Asset Strategic Gr S Acc,1.284
03/31/2015,Rathbone Multi Asset Strategic Gr S Acc,1.2866
04/01/2015,Rathbone Multi Asset Strategic Gr S Acc,1.2863
04/02/2015,Rathbone Multi Asset Strategic Gr S Acc,1.2856
04/03/2015,Rathbone Multi Asset Strategic Gr S Acc,1.2856
04/04/2015,Rathbone Multi Asset Strategic Gr S Acc,1.2856
04/05/2015,Rathbone Multi Asset Strategic Gr S Acc,1.2856
04/06/2015,Rathbone Multi Asset Strategic Gr S Acc,1.2856
04/07/2015,Rathbone Multi Asset Strategic Gr S Acc,1.2892
04/08/2015,Rathbone Multi Asset Strategic Gr S Acc,1.2904
04/09/2015,Rathbone Multi Asset Strategic Gr S Acc,1.2965
04/10/2015,Rathbone Multi Asset Strategic Gr S Acc,1.3056
04/11/2015,Rathbone Multi Asset Strategic Gr S Acc,1.3056
04/12/2015,Rathbone Multi Asset Strategic Gr S Acc,1.3056
04/13/2015,Rathbone Multi Asset Strategic Gr S Acc,1.3109
04/14/2015,Rathbone Multi Asset Strategic Gr S Acc,1.3109
04/15/2015,Rathbone Multi Asset Strategic Gr S Acc,1.3094
04/16/2015,Rathbone Multi Asset Strategic Gr S Acc,1.3064
04/17/2015,Rathbone Multi Asset Strategic Gr S Acc,1.3026
04/18/2015,Rathbone Multi Asset Strategic Gr S Acc,1.3026
04/19/2015,Rathbone Multi Asset Strategic Gr S Acc,1.3026
04/20/2015,Rathbone Multi Asset Strategic Gr S Acc,1.3002
04/21/2015,Rathbone Multi Asset Strategic Gr S Acc,1.2996
04/22/2015,Rathbone Multi Asset Strategic Gr S Acc,1.2975
04/23/2015,Rathbone Multi Asset Strategic Gr S Acc,1.299
04/24/2015,Rathbone Multi Asset Strategic Gr S Acc,1.2984
04/25/2015,Rathbone Multi Asset Strategic Gr S Acc,1.2984
04/26/2015,Rathbone Multi Asset Strategic Gr S Acc,1.2984
04/27/2015,Rathbone Multi Asset Strategic Gr S Acc,1.2974
04/28/2015,Rathbone Multi Asset Strategic Gr S Acc,1.2928
04/29/2015,Rathbone Multi Asset Strategic Gr S Acc,1.2894
04/30/2015,Rathbone Multi Asset Strategic Gr S Acc,1.2821
05/01/2015,Rathbone Multi Asset Strategic Gr S Acc,1.2825
05/02/2015,Rathbone Multi Asset Strategic Gr S Acc,1.2825
05/03/2015,Rathbone Multi Asset Strategic Gr S Acc,1.2825
05/04/2015,Rathbone Multi Asset Strategic Gr S Acc,1.2825
05/05/2015,Rathbone Multi Asset Strategic Gr S Acc,1.2879
05/06/2015,Rathbone Multi Asset Strategic Gr S Acc,1.2832
05/07/2015,Rathbone Multi Asset Strategic Gr S Acc,1.2785
05/08/2015,Rathbone Multi Asset Strategic Gr S Acc,1.2775
05/09/2015,Rathbone Multi Asset Strategic Gr S Acc,1.2775
05/10/2015,Rathbone Multi Asset Strategic Gr S Acc,1.2775
05/11/2015,Rathbone Multi Asset Strategic Gr S Acc,1.2821
05/12/2015,Rathbone Multi Asset Strategic Gr S Acc,1.2739
05/13/2015,Rathbone Multi Asset Strategic Gr S Acc,1.2714
05/14/2015,Rathbone Multi Asset Strategic Gr S Acc,1.2687
05/15/2015,Rathbone Multi Asset Strategic Gr S Acc,1.2733
05/16/2015,Rathbone Multi Asset Strategic Gr S Acc,1.2733
05/17/2015,Rathbone Multi Asset Strategic Gr S Acc,1.2733
05/18/2015,Rathbone Multi Asset Strategic Gr S Acc,1.2773
05/19/2015,Rathbone Multi Asset Strategic Gr S Acc,1.2832
05/20/2015,Rathbone Multi Asset Strategic Gr S Acc,1.2863
05/21/2015,Rathbone Multi Asset Strategic Gr S Acc,1.2841
05/22/2015,Rathbone Multi Asset Strategic Gr S Acc,1.2856
05/23/2015,Rathbone Multi Asset Strategic Gr S Acc,1.2856
05/24/2015,Rathbone Multi Asset Strategic Gr S Acc,1.2856
05/25/2015,Rathbone Multi Asset Strategic Gr S Acc,1.2856
05/26/2015,Rathbone Multi Asset Strategic Gr S Acc,1.2913
05/27/2015,Rathbone Multi Asset Strategic Gr S Acc,1.2902
05/28/2015,Rathbone Multi Asset Strategic Gr S Acc,1.2953
05/29/2015,Rathbone Multi Asset Strategic Gr S Acc,1.2994
05/30/2015,Rathbone Multi Asset Strategic Gr S Acc,1.2994
05/31/2015,Rathbone Multi Asset Strategic Gr S Acc,1.2994
06/01/2015,Rathbone Multi Asset Strategic Gr S Acc,1.2993
06/02/2015,Rathbone Multi Asset Strategic Gr S Acc,1.2973
06/03/2015,Rathbone Multi Asset Strategic Gr S Acc,1.2964
06/04/2015,Rathbone Multi Asset Strategic Gr S Acc,1.2894
06/05/2015,Rathbone Multi Asset Strategic Gr S Acc,1.2898
06/06/2015,Rathbone Multi Asset Strategic Gr S Acc,1.2898
06/07/2015,Rathbone Multi Asset Strategic Gr S Acc,1.2898
06/08/2015,Rathbone Multi Asset Strategic Gr S Acc,1.2898
06/09/2015,Rathbone Multi Asset Strategic Gr S Acc,1.2848
06/10/2015,Rathbone Multi Asset Strategic Gr S Acc,1.2794
06/11/2015,Rathbone Multi Asset Strategic Gr S Acc,1.2825
06/12/2015,Rathbone Multi Asset Strategic Gr S Acc,1.2832
06/13/2015,Rathbone Multi Asset Strategic Gr S Acc,1.2832
06/14/2015,Rathbone Multi Asset Strategic Gr S Acc,1.2832
06/15/2015,Rathbone Multi Asset Strategic Gr S Acc,1.2802
06/16/2015,Rathbone Multi Asset Strategic Gr S Acc,1.2732
06/17/2015,Rathbone Multi Asset Strategic Gr S Acc,1.2678
06/18/2015,Rathbone Multi Asset Strategic Gr S Acc,1.2639
06/19/2015,Rathbone Multi Asset Strategic Gr S Acc,1.2674
06/20/2015,Rathbone Multi Asset Strategic Gr S Acc,1.2674
06/21/2015,Rathbone Multi Asset Strategic Gr S Acc,1.2674
06/22/2015,Rathbone Multi Asset Strategic Gr S Acc,1.2697
06/23/2015,Rathbone Multi Asset Strategic Gr S Acc,1.2761
06/24/2015,Rathbone Multi Asset Strategic Gr S Acc,1.2798
06/25/2015,Rathbone Multi Asset Strategic Gr S Acc,1.2791
06/26/2015,Rathbone Multi Asset Strategic Gr S Acc,1.2764
06/27/2015,Rathbone Multi Asset Strategic Gr S Acc,1.2764
06/28/2015,Rathbone Multi Asset Strategic Gr S Acc,1.2764
06/29/2015,Rathbone Multi Asset Strategic Gr S Acc,1.2727
06/30/2015,Rathbone Multi Asset Strategic Gr S Acc,1.2632
07/01/2015,Rathbone Multi Asset Strategic Gr S Acc,1.2614
07/02/2015,Rathbone Multi Asset Strategic Gr S Acc,1.2642
07/03/2015,Rathbone Multi Asset Strategic Gr S Acc,1.2634
07/04/2015,Rathbone Multi Asset Strategic Gr S Acc,1.2634
07/05/2015,Rathbone Multi Asset Strategic Gr S Acc,1.2634
07/06/2015,Rathbone Multi Asset Strategic Gr S Acc,1.2619
07/07/2015,Rathbone Multi Asset Strategic Gr S Acc,1.2605
07/08/2015,Rathbone Multi Asset Strategic Gr S Acc,1.2594
07/09/2015,Rathbone Multi Asset Strategic Gr S Acc,1.2603
07/10/2015,Rathbone Multi Asset Strategic Gr S Acc,1.2581
07/11/2015,Rathbone Multi Asset Strategic Gr S Acc,1.2581
07/12/2015,Rathbone Multi Asset Strategic Gr S Acc,1.2581
07/13/2015,Rathbone Multi Asset Strategic Gr S Acc,1.2623
07/14/2015,Rathbone Multi Asset Strategic Gr S Acc,1.2671
07/15/2015,Rathbone Multi Asset Strategic Gr S Acc,1.2685
07/16/2015,Rathbone Multi Asset Strategic Gr S Acc,1.2711
07/17/2015,Rathbone Multi Asset Strategic Gr S Acc,1.2751
07/18/2015,Rathbone Multi Asset Strategic Gr S Acc,1.2751
07/19/2015,Rathbone Multi Asset Strategic Gr S Acc,1.2751
07/20/2015,Rathbone Multi Asset Strategic Gr S Acc,1.2775
07/21/2015,Rathbone Multi Asset Strategic Gr S Acc,1.2792
07/22/2015,Rathbone Multi Asset Strategic Gr S Acc,1.2758
07/23/2015,Rathbone Multi Asset Strategic Gr S Acc,1.2741
07/24/2015,Rathbone Multi Asset Strategic Gr S Acc,1.2749
07/25/2015,Rathbone Multi Asset Strategic Gr S Acc,1.2749
07/26/2015,Rathbone Multi Asset Strategic Gr S Acc,1.2749
07/27/2015,Rathbone Multi Asset Strategic Gr S Acc,1.2692
07/28/2015,Rathbone Multi Asset Strategic Gr S Acc,1.2629
07/29/2015,Rathbone Multi Asset Strategic Gr S Acc,1.2612
07/30/2015,Rathbone Multi Asset Strategic Gr S Acc,1.2659
07/31/2015,Rathbone Multi Asset Strategic Gr S Acc,1.2673
08/01/2015,Rathbone Multi Asset Strategic Gr S Acc,1.2673
08/02/2015,Rathbone Multi Asset Strategic Gr S Acc,1.2673
08/03/2015,Rathbone Multi Asset Strategic Gr S Acc,1.2698
08/04/2015,Rathbone Multi Asset Strategic Gr S Acc,1.2714
08/05/2015,Rathbone Multi Asset Strategic Gr S Acc,1.2727
08/06/2015,Rathbone Multi Asset Strategic Gr S Acc,1.2733
08/07/2015,Rathbone Multi Asset Strategic Gr S Acc,1.2755
08/08/2015,Rathbone Multi Asset Strategic Gr S Acc,1.2755
08/09/2015,Rathbone Multi Asset Strategic Gr S Acc,1.2755
08/10/2015,Rathbone Multi Asset Strategic Gr S Acc,1.2738
08/11/2015,Rathbone Multi Asset Strategic Gr S Acc,1.2731
08/12/2015,Rathbone Multi Asset Strategic Gr S Acc,1.267
08/13/2015,Rathbone Multi Asset Strategic Gr S Acc,1.2652
08/14/2015,Rathbone Multi Asset Strategic Gr S Acc,1.2615
08/15/2015,Rathbone Multi Asset Strategic Gr S Acc,1.2615
08/16/2015,Rathbone Multi Asset Strategic Gr S Acc,1.2615
08/17/2015,Rathbone Multi Asset Strategic Gr S Acc,1.262
08/18/2015,Rathbone Multi Asset Strategic Gr S Acc,1.2616
08/19/2015,Rathbone Multi Asset Strategic Gr S Acc,1.2593
08/20/2015,Rathbone Multi Asset Strategic Gr S Acc,1.253
08/21/2015,Rathbone Multi Asset Strategic Gr S Acc,1.242
08/22/2015,Rathbone Multi Asset Strategic Gr S Acc,1.242
08/23/2015,Rathbone Multi Asset Strategic Gr S Acc,1.242
08/24/2015,Rathbone Multi Asset Strategic Gr S Acc,1.22
08/25/2015,Rathbone Multi Asset Strategic Gr S Acc,1.2068
08/26/2015,Rathbone Multi Asset Strategic Gr S Acc,1.2039
08/27/2015,Rathbone Multi Asset Strategic Gr S Acc,1.2141
08/28/2015,Rathbone Multi Asset Strategic Gr S Acc,1.2301
08/29/2015,Rathbone Multi Asset Strategic Gr S Acc,1.2301
08/30/2015,Rathbone Multi Asset Strategic Gr S Acc,1.2301
08/31/2015,Rathbone Multi Asset Strategic Gr S Acc,1.2301
09/01/2015,Rathbone Multi Asset Strategic Gr S Acc,1.2342
09/02/2015,Rathbone Multi Asset Strategic Gr S Acc,1.2275
09/03/2015,Rathbone Multi Asset Strategic Gr S Acc,1.2261
09/04/2015,Rathbone Multi Asset Strategic Gr S Acc,1.2253
09/05/2015,Rathbone Multi Asset Strategic Gr S Acc,1.2253
09/06/2015,Rathbone Multi Asset Strategic Gr S Acc,1.2253
09/07/2015,Rathbone Multi Asset Strategic Gr S Acc,1.2236
09/08/2015,Rathbone Multi Asset Strategic Gr S Acc,1.2239
09/09/2015,Rathbone Multi Asset Strategic Gr S Acc,1.2308
09/10/2015,Rathbone Multi Asset Strategic Gr S Acc,1.2295
09/11/2015,Rathbone Multi Asset Strategic Gr S Acc,1.2264
09/12/2015,Rathbone Multi Asset Strategic Gr S Acc,1.2264
09/13/2015,Rathbone Multi Asset Strategic Gr S Acc,1.2264
09/14/2015,Rathbone Multi Asset Strategic Gr S Acc,1.2258
09/15/2015,Rathbone Multi Asset Strategic Gr S Acc,1.2246
09/16/2015,Rathbone Multi Asset Strategic Gr S Acc,1.2278
09/17/2015,Rathbone Multi Asset Strategic Gr S Acc,1.2275
09/18/2015,Rathbone Multi Asset Strategic Gr S Acc,1.2247
09/19/2015,Rathbone Multi Asset Strategic Gr S Acc,1.2247
09/20/2015,Rathbone Multi Asset Strategic Gr S Acc,1.2247
09/21/2015,Rathbone Multi Asset Strategic Gr S Acc,1.2222
09/22/2015,Rathbone Multi Asset Strategic Gr S Acc,1.2174
09/23/2015,Rathbone Multi Asset Strategic Gr S Acc,1.2171
09/24/2015,Rathbone Multi Asset Strategic Gr S Acc,1.2151
09/25/2015,Rathbone Multi Asset Strategic Gr S Acc,1.219
09/26/2015,Rathbone Multi Asset Strategic Gr S Acc,1.219
09/27/2015,Rathbone Multi Asset Strategic Gr S Acc,1.219
09/28/2015,Rathbone Multi Asset Strategic Gr S Acc,1.2162
09/29/2015,Rathbone Multi Asset Strategic Gr S Acc,1.2103
09/30/2015,Rathbone Multi Asset Strategic Gr S Acc,1.2107
10/01/2015,Rathbone Multi Asset Strategic Gr S Acc,1.2162
10/02/2015,Rathbone Multi Asset Strategic Gr S Acc,1.2179
10/03/2015,Rathbone Multi Asset Strategic Gr S Acc,1.2179
10/04/2015,Rathbone Multi Asset Strategic Gr S Acc,1.2179
10/05/2015,Rathbone Multi Asset Strategic Gr S Acc,1.2243
10/06/2015,Rathbone Multi Asset Strategic Gr S Acc,1.2337
10/07/2015,Rathbone Multi Asset Strategic Gr S Acc,1.2329
10/08/2015,Rathbone Multi Asset Strategic Gr S Acc,1.2318
10/09/2015,Rathbone Multi Asset Strategic Gr S Acc,1.2362
10/10/2015,Rathbone Multi Asset Strategic Gr S Acc,1.2362
10/11/2015,Rathbone Multi Asset Strategic Gr S Acc,1.2362
10/12/2015,Rathbone Multi Asset Strategic Gr S Acc,1.2365
10/13/2015,Rathbone Multi Asset Strategic Gr S Acc,1.2374
10/14/2015,Rathbone Multi Asset Strategic Gr S Acc,1.2306
10/15/2015,Rathbone Multi Asset Strategic Gr S Acc,1.2267
10/16/2015,Rathbone Multi Asset Strategic Gr S Acc,1.2314
10/17/2015,Rathbone Multi Asset Strategic Gr S Acc,1.2314
10/18/2015,Rathbone Multi Asset Strategic Gr S Acc,1.2314
10/19/2015,Rathbone Multi Asset Strategic Gr S Acc,1.2346
10/20/2015,Rathbone Multi Asset Strategic Gr S Acc,1.2355
10/21/2015,Rathbone Multi Asset Strategic Gr S Acc,1.2366
10/22/2015,Rathbone Multi Asset Strategic Gr S Acc,1.2326
10/23/2015,Rathbone Multi Asset Strategic Gr S Acc,1.2438
10/24/2015,Rathbone Multi Asset Strategic Gr S Acc,1.2438
10/25/2015,Rathbone Multi Asset Strategic Gr S Acc,1.2438
10/26/2015,Rathbone Multi Asset Strategic Gr S Acc,1.2504
10/27/2015,Rathbone Multi Asset Strategic Gr S Acc,1.2489
10/28/2015,Rathbone Multi Asset Strategic Gr S Acc,1.2508
10/29/2015,Rathbone Multi Asset Strategic Gr S Acc,1.2535
10/30/2015,Rathbone Multi Asset Strategic Gr S Acc,1.2514
10/31/2015,Rathbone Multi Asset Strategic Gr S Acc,1.2514
11/01/2015,Rathbone Multi Asset Strategic Gr S Acc,1.2514
11/02/2015,Rathbone Multi Asset Strategic Gr S Acc,1.2449
11/03/2015,Rathbone Multi Asset Strategic Gr S Acc,1.248
11/04/2015,Rathbone Multi Asset Strategic Gr S Acc,1.2535
11/05/2015,Rathbone Multi Asset Strategic Gr S Acc,1.2514
11/06/2015,Rathbone Multi Asset Strategic Gr S Acc,1.2588
11/07/2015,Rathbone Multi Asset Strategic Gr S Acc,1.2588
11/08/2015,Rathbone Multi Asset Strategic Gr S Acc,1.2588
11/09/2015,Rathbone Multi Asset Strategic Gr S Acc,1.261
11/10/2015,Rathbone Multi Asset Strategic Gr S Acc,1.2554
11/11/2015,Rathbone Multi Asset Strategic Gr S Acc,1.2567
11/12/2015,Rathbone Multi Asset Strategic Gr S Acc,1.2555
11/13/2015,Rathbone Multi Asset Strategic Gr S Acc,1.246
11/14/2015,Rathbone Multi Asset Strategic Gr S Acc,1.246
11/15/2015,Rathbone Multi Asset Strategic Gr S Acc,1.246
11/16/2015,Rathbone Multi Asset Strategic Gr S Acc,1.243
11/17/2015,Rathbone Multi Asset Strategic Gr S Acc,1.2501
11/18/2015,Rathbone Multi Asset Strategic Gr S Acc,1.2513
11/19/2015,Rathbone Multi Asset Strategic Gr S Acc,1.2572
11/20/2015,Rathbone Multi Asset Strategic Gr S Acc,1.2591
11/21/2015,Rathbone Multi Asset Strategic Gr S Acc,1.2591
11/22/2015,Rathbone Multi Asset Strategic Gr S Acc,1.2591
11/23/2015,Rathbone Multi Asset Strategic Gr S Acc,1.2631
11/24/2015,Rathbone Multi Asset Strategic Gr S Acc,1.2624
11/25/2015,Rathbone Multi Asset Strategic Gr S Acc,1.266
11/26/2015,Rathbone Multi Asset Strategic Gr S Acc,1.268
11/27/2015,Rathbone Multi Asset Strategic Gr S Acc,1.2697
11/28/2015,Rathbone Multi Asset Strategic Gr S Acc,1.2697
11/29/2015,Rathbone Multi Asset Strategic Gr S Acc,1.2697
11/30/2015,Rathbone Multi Asset Strategic Gr S Acc,1.272
12/01/2015,Rathbone Multi Asset Strategic Gr S Acc,1.2731
12/02/2015,Rathbone Multi Asset Strategic Gr S Acc,1.2777
12/03/2015,Rathbone Multi Asset Strategic Gr S Acc,1.2808
12/04/2015,Rathbone Multi Asset Strategic Gr S Acc,1.2676
12/05/2015,Rathbone Multi Asset Strategic Gr S Acc,1.2676
12/06/2015,Rathbone Multi Asset Strategic Gr S Acc,1.2676
12/07/2015,Rathbone Multi Asset Strategic Gr S Acc,1.269
12/08/2015,Rathbone Multi Asset Strategic Gr S Acc,1.2659
12/09/2015,Rathbone Multi Asset Strategic Gr S Acc,1.2601
12/10/2015,Rathbone Multi Asset Strategic Gr S Acc,1.2535
12/11/2015,Rathbone Multi Asset Strategic Gr S Acc,1.2493
12/12/2015,Rathbone Multi Asset Strategic Gr S Acc,1.2493
12/13/2015,Rathbone Multi Asset Strategic Gr S Acc,1.2493
12/14/2015,Rathbone Multi Asset Strategic Gr S Acc,1.2422
12/15/2015,Rathbone Multi Asset Strategic Gr S Acc,1.2406
12/16/2015,Rathbone Multi Asset Strategic Gr S Acc,1.2507
12/17/2015,Rathbone Multi Asset Strategic Gr S Acc,1.2619
12/18/2015,Rathbone Multi Asset Strategic Gr S Acc,1.2592
12/19/2015,Rathbone Multi Asset Strategic Gr S Acc,1.2592
12/20/2015,Rathbone Multi Asset Strategic Gr S Acc,1.2592
12/21/2015,Rathbone Multi Asset Strategic Gr S Acc,1.2582
12/22/2015,Rathbone Multi Asset Strategic Gr S Acc,1.2577
12/23/2015,Rathbone Multi Asset Strategic Gr S Acc,1.2639
12/24/2015,Rathbone Multi Asset Strategic Gr S Acc,1.2683
12/25/2015,Rathbone Multi Asset Strategic Gr S Acc,1.2683
12/26/2015,Rathbone Multi Asset Strategic Gr S Acc,1.2683
12/27/2015,Rathbone Multi Asset Strategic Gr S Acc,1.2683
12/28/2015,Rathbone Multi Asset Strategic Gr S Acc,1.2683
12/29/2015,Rathbone Multi Asset Strategic Gr S Acc,1.2752
12/30/2015,Rathbone Multi Asset Strategic Gr S Acc,1.2793
12/31/2015,Rathbone Multi Asset Strategic Gr S Acc,1.2769
01/01/2016,Rathbone Multi Asset Strategic Gr S Acc,1.2769
01/02/2016,Rathbone Multi Asset Strategic Gr S Acc,1.2769
01/03/2016,Rathbone Multi Asset Strategic Gr S Acc,1.2769
01/04/2016,Rathbone Multi Asset Strategic Gr S Acc,1.2679
01/05/2016,Rathbone Multi Asset Strategic Gr S Acc,1.2634
01/06/2016,Rathbone Multi Asset Strategic Gr S Acc,1.2607
01/07/2016,Rathbone Multi Asset Strategic Gr S Acc,1.2529
01/08/2016,Rathbone Multi Asset Strategic Gr S Acc,1.2477
01/09/2016,Rathbone Multi Asset Strategic Gr S Acc,1.2477
01/10/2016,Rathbone Multi Asset Strategic Gr S Acc,1.2477
01/11/2016,Rathbone Multi Asset Strategic Gr S Acc,1.242
01/12/2016,Rathbone Multi Asset Strategic Gr S Acc,1.2451
01/13/2016,Rathbone Multi Asset Strategic Gr S Acc,1.2507
01/14/2016,Rathbone Multi Asset Strategic Gr S Acc,1.2396
01/15/2016,Rathbone Multi Asset Strategic Gr S Acc,1.238
01/16/2016,Rathbone Multi Asset Strategic Gr S Acc,1.238
01/17/2016,Rathbone Multi Asset Strategic Gr S Acc,1.238
01/18/2016,Rathbone Multi Asset Strategic Gr S Acc,1.2303
01/19/2016,Rathbone Multi Asset Strategic Gr S Acc,1.232
01/20/2016,Rathbone Multi Asset Strategic Gr S Acc,1.2255
01/21/2016,Rathbone Multi Asset Strategic Gr S Acc,1.2205
01/22/2016,Rathbone Multi Asset Strategic Gr S Acc,1.2278
01/23/2016,Rathbone Multi Asset Strategic Gr S Acc,1.2278
01/24/2016,Rathbone Multi Asset Strategic Gr S Acc,1.2278
01/25/2016,Rathbone Multi Asset Strategic Gr S Acc,1.2352
01/26/2016,Rathbone Multi Asset Strategic Gr S Acc,1.231
01/27/2016,Rathbone Multi Asset Strategic Gr S Acc,1.2346
01/28/2016,Rathbone Multi Asset Strategic Gr S Acc,1.2349
01/29/2016,Rathbone Multi Asset Strategic Gr S Acc,1.2391
01/30/2016,Rathbone Multi Asset Strategic Gr S Acc,1.2391
01/31/2016,Rathbone Multi Asset Strategic Gr S Acc,1.2391
02/01/2016,Rathbone Multi Asset Strategic Gr S Acc,1.2488
02/02/2016,Rathbone Multi Asset Strategic Gr S Acc,1.2461
02/03/2016,Rathbone Multi Asset Strategic Gr S Acc,1.2347
02/04/2016,Rathbone Multi Asset Strategic Gr S Acc,1.2316
02/05/2016,Rathbone Multi Asset Strategic Gr S Acc,1.233
02/06/2016,Rathbone Multi Asset Strategic Gr S Acc,1.233
02/07/2016,Rathbone Multi Asset Strategic Gr S Acc,1.233
02/08/2016,Rathbone Multi Asset Strategic Gr S Acc,1.2226
02/09/2016,Rathbone Multi Asset Strategic Gr S Acc,1.209
02/10/2016,Rathbone Multi Asset Strategic Gr S Acc,1.2053
02/11/2016,Rathbone Multi Asset Strategic Gr S Acc,1.199
02/12/2016,Rathbone Multi Asset Strategic Gr S Acc,1.1917
02/13/2016,Rathbone Multi Asset Strategic Gr S Acc,1.1917
02/14/2016,Rathbone Multi Asset Strategic Gr S Acc,1.1917
02/15/2016,Rathbone Multi Asset Strategic Gr S Acc,1.2074
02/16/2016,Rathbone Multi Asset Strategic Gr S Acc,1.2114
02/17/2016,Rathbone Multi Asset Strategic Gr S Acc,1.2231
02/18/2016,Rathbone Multi Asset Strategic Gr S Acc,1.233
02/19/2016,Rathbone Multi Asset Strategic Gr S Acc,1.235
02/20/2016,Rathbone Multi Asset Strategic Gr S Acc,1.235
02/21/2016,Rathbone Multi Asset Strategic Gr S Acc,1.235
02/22/2016,Rathbone Multi Asset Strategic Gr S Acc,1.2443
02/23/2016,Rathbone Multi Asset Strategic Gr S Acc,1.2484
02/24/2016,Rathbone Multi Asset Strategic Gr S Acc,1.2474
02/25/2016,Rathbone Multi Asset Strategic Gr S Acc,1.2509
02/26/2016,Rathbone Multi Asset Strategic Gr S Acc,1.2588
02/27/2016,Rathbone Multi Asset Strategic Gr S Acc,1.2588
02/28/2016,Rathbone Multi Asset Strategic Gr S Acc,1.2588
02/29/2016,Rathbone Multi Asset Strategic Gr S Acc,1.2628
03/01/2016,Rathbone Multi Asset Strategic Gr S Acc,1.2653
03/02/2016,Rathbone Multi Asset Strategic Gr S Acc,1.2704
03/03/2016,Rathbone Multi Asset Strategic Gr S Acc,1.2724
03/04/2016,Rathbone Multi Asset Strategic Gr S Acc,1.2734
03/05/2016,Rathbone Multi Asset Strategic Gr S Acc,1.2734
03/06/2016,Rathbone Multi Asset Strategic Gr S Acc,1.2734
03/07/2016,Rathbone Multi Asset Strategic Gr S Acc,1.2735
03/08/2016,Rathbone Multi Asset Strategic Gr S Acc,1.2701
03/09/2016,Rathbone Multi Asset Strategic Gr S Acc,1.2672
03/10/2016,Rathbone Multi Asset Strategic Gr S Acc,1.2656
03/11/2016,Rathbone Multi Asset Strategic Gr S Acc,1.2634
03/12/2016,Rathbone Multi Asset Strategic Gr S Acc,1.2634
03/13/2016,Rathbone Multi Asset Strategic Gr S Acc,1.2634
03/14/2016,Rathbone Multi Asset Strategic Gr S Acc,1.2692
03/15/2016,Rathbone Multi Asset Strategic Gr S Acc,1.2755
03/16/2016,Rathbone Multi Asset Strategic Gr S Acc,1.2779
03/17/2016,Rathbone Multi Asset Strategic Gr S Acc,1.2746
03/18/2016,Rathbone Multi Asset Strategic Gr S Acc,1.2742
03/19/2016,Rathbone Multi Asset Strategic Gr S Acc,1.2742
03/20/2016,Rathbone Multi Asset Strategic Gr S Acc,1.2742
03/21/2016,Rathbone Multi Asset Strategic Gr S Acc,1.2791
03/22/2016,Rathbone Multi Asset Strategic Gr S Acc,1.2811
03/23/2016,Rathbone Multi Asset Strategic Gr S Acc,1.2886
03/24/2016,Rathbone Multi Asset Strategic Gr S Acc,1.2843
03/25/2016,Rathbone Multi Asset Strategic Gr S Acc,1.2843
03/26/2016,Rathbone Multi Asset Strategic Gr S Acc,1.2843
03/27/2016,Rathbone Multi Asset Strategic Gr S Acc,1.2843
03/28/2016,Rathbone Multi Asset Strategic Gr S Acc,1.2843
03/29/2016,Rathbone Multi Asset Strategic Gr S Acc,1.2779
03/30/2016,Rathbone Multi Asset Strategic Gr S Acc,1.2805
03/31/2016,Rathbone Multi Asset Strategic Gr S Acc,1.2831
04/01/2016,Rathbone Multi Asset Strategic Gr S Acc,1.2822
04/02/2016,Rathbone Multi Asset Strategic Gr S Acc,1.2822
04/03/2016,Rathbone Multi Asset Strategic Gr S Acc,1.2822
04/04/2016,Rathbone Multi Asset Strategic Gr S Acc,1.2888
04/05/2016,Rathbone Multi Asset Strategic Gr S Acc,1.2849
04/06/2016,Rathbone Multi Asset Strategic Gr S Acc,1.2886
04/07/2016,Rathbone Multi Asset Strategic Gr S Acc,1.2923
04/08/2016,Rathbone Multi Asset Strategic Gr S Acc,1.2947
04/09/2016,Rathbone Multi Asset Strategic Gr S Acc,1.2947
04/10/2016,Rathbone Multi Asset Strategic Gr S Acc,1.2947
04/11/2016,Rathbone Multi Asset Strategic Gr S Acc,1.2909
04/12/2016,Rathbone Multi Asset Strategic Gr S Acc,1.285
04/13/2016,Rathbone Multi Asset Strategic Gr S Acc,1.2958
04/14/2016,Rathbone Multi Asset Strategic Gr S Acc,1.3074
04/15/2016,Rathbone Multi Asset Strategic Gr S Acc,1.3063
04/16/2016,Rathbone Multi Asset Strategic Gr S Acc,1.3063
04/17/2016,Rathbone Multi Asset Strategic Gr S Acc,1.3063
04/18/2016,Rathbone Multi Asset Strategic Gr S Acc,1.3056
04/19/2016,Rathbone Multi Asset Strategic Gr S Acc,1.3063
04/20/2016,Rathbone Multi Asset Strategic Gr S Acc,1.3057
04/21/2016,Rathbone Multi Asset Strategic Gr S Acc,1.304
04/22/2016,Rathbone Multi Asset Strategic Gr S Acc,1.3006
04/23/2016,Rathbone Multi Asset Strategic Gr S Acc,1.3006
04/24/2016,Rathbone Multi Asset Strategic Gr S Acc,1.3006
04/25/2016,Rathbone Multi Asset Strategic Gr S Acc,1.2958
04/26/2016,Rathbone Multi Asset Strategic Gr S Acc,1.2895
04/27/2016,Rathbone Multi Asset Strategic Gr S Acc,1.2882
04/28/2016,Rathbone Multi Asset Strategic Gr S Acc,1.2892
04/29/2016,Rathbone Multi Asset Strategic Gr S Acc,1.2876
04/30/2016,Rathbone Multi Asset Strategic Gr S Acc,1.2876
05/01/2016,Rathbone Multi Asset Strategic Gr S Acc,1.2876
05/02/2016,Rathbone Multi Asset Strategic Gr S Acc,1.2876
05/03/2016,Rathbone Multi Asset Strategic Gr S Acc,1.2832
05/04/2016,Rathbone Multi Asset Strategic Gr S Acc,1.2835
05/05/2016,Rathbone Multi Asset Strategic Gr S Acc,1.2829
05/06/2016,Rathbone Multi Asset Strategic Gr S Acc,1.2795
05/07/2016,Rathbone Multi Asset Strategic Gr S Acc,1.2795
05/08/2016,Rathbone Multi Asset Strategic Gr S Acc,1.2795
05/09/2016,Rathbone Multi Asset Strategic Gr S Acc,1.2869
05/10/2016,Rathbone Multi Asset Strategic Gr S Acc,1.2902
05/11/2016,Rathbone Multi Asset Strategic Gr S Acc,1.2914
05/12/2016,Rathbone Multi Asset Strategic Gr S Acc,1.2897
05/13/2016,Rathbone Multi Asset Strategic Gr S Acc,1.2848
05/14/2016,Rathbone Multi Asset Strategic Gr S Acc,1.2848
05/15/2016,Rathbone Multi Asset Strategic Gr S Acc,1.2848
05/16/2016,Rathbone Multi Asset Strategic Gr S Acc,1.2857
05/17/2016,Rathbone Multi Asset Strategic Gr S Acc,1.2868
05/18/2016,Rathbone Multi Asset Strategic Gr S Acc,1.2852
05/19/2016,Rathbone Multi Asset Strategic Gr S Acc,1.2759
05/20/2016,Rathbone Multi Asset Strategic Gr S Acc,1.2777
05/21/2016,Rathbone Multi Asset Strategic Gr S Acc,1.2777
05/22/2016,Rathbone Multi Asset Strategic Gr S Acc,1.2777
05/23/2016,Rathbone Multi Asset Strategic Gr S Acc,1.2837
05/24/2016,Rathbone Multi Asset Strategic Gr S Acc,1.2827
05/25/2016,Rathbone Multi Asset Strategic Gr S Acc,1.287
05/26/2016,Rathbone Multi Asset Strategic Gr S Acc,1.2894
05/27/2016,Rathbone Multi Asset Strategic Gr S Acc,1.2914
05/28/2016,Rathbone Multi Asset Strategic Gr S Acc,1.2914
05/29/2016,Rathbone Multi Asset Strategic Gr S Acc,1.2914
05/30/2016,Rathbone Multi Asset Strategic Gr S Acc,1.2914
05/31/2016,Rathbone Multi Asset Strategic Gr S Acc,1.2949
06/01/2016,Rathbone Multi Asset Strategic Gr S Acc,1.2972
06/02/2016,Rathbone Multi Asset Strategic Gr S Acc,1.2991
06/03/2016,Rathbone Multi Asset Strategic Gr S Acc,1.3017
06/04/2016,Rathbone Multi Asset Strategic Gr S Acc,1.3017
06/05/2016,Rathbone Multi Asset Strategic Gr S Acc,1.3017
06/06/2016,Rathbone Multi Asset Strategic Gr S Acc,1.3037
06/07/2016,Rathbone Multi Asset Strategic Gr S Acc,1.3031
06/08/2016,Rathbone Multi Asset Strategic Gr S Acc,1.303
06/09/2016,Rathbone Multi Asset Strategic Gr S Acc,1.3067
06/10/2016,Rathbone Multi Asset Strategic Gr S Acc,1.302
06/11/2016,Rathbone Multi Asset Strategic Gr S Acc,1.302
06/12/2016,Rathbone Multi Asset Strategic Gr S Acc,1.302
06/13/2016,Rathbone Multi Asset Strategic Gr S Acc,1.3009
06/14/2016,Rathbone Multi Asset Strategic Gr S Acc,1.2916
06/15/2016,Rathbone Multi Asset Strategic Gr S Acc,1.2885
06/16/2016,Rathbone Multi Asset Strategic Gr S Acc,1.287
06/17/2016,Rathbone Multi Asset Strategic Gr S Acc,1.2863
06/18/2016,Rathbone Multi Asset Strategic Gr S Acc,1.2863
06/19/2016,Rathbone Multi Asset Strategic Gr S Acc,1.2863
06/20/2016,Rathbone Multi Asset Strategic Gr S Acc,1.2872
06/21/2016,Rathbone Multi Asset Strategic Gr S Acc,1.2847
06/22/2016,Rathbone Multi Asset Strategic Gr S Acc,1.2884
06/23/2016,Rathbone Multi Asset Strategic Gr S Acc,1.2887
06/24/2016,Rathbone Multi Asset Strategic Gr S Acc,1.2917
06/25/2016,Rathbone Multi Asset Strategic Gr S Acc,1.2917
06/26/2016,Rathbone Multi Asset Strategic Gr S Acc,1.2917
06/27/2016,Rathbone Multi Asset Strategic Gr S Acc,1.3024
06/28/2016,Rathbone Multi Asset Strategic Gr S Acc,1.3016
06/29/2016,Rathbone Multi Asset Strategic Gr S Acc,1.3129
06/30/2016,Rathbone Multi Asset Strategic Gr S Acc,1.3189
07/01/2016,Rathbone Multi Asset Strategic Gr S Acc,1.3364
07/02/2016,Rathbone Multi Asset Strategic Gr S Acc,1.3364
07/03/2016,Rathbone Multi Asset Strategic Gr S Acc,1.3364
07/04/2016,Rathbone Multi Asset Strategic Gr S Acc,1.3396
07/05/2016,Rathbone Multi Asset Strategic Gr S Acc,1.3371
07/06/2016,Rathbone Multi Asset Strategic Gr S Acc,1.3344
07/07/2016,Rathbone Multi Asset Strategic Gr S Acc,1.3393
07/08/2016,Rathbone Multi Asset Strategic Gr S Acc,1.3443
07/09/2016,Rathbone Multi Asset Strategic Gr S Acc,1.3443
07/10/2016,Rathbone Multi Asset Strategic Gr S Acc,1.3443
07/11/2016,Rathbone Multi Asset Strategic Gr S Acc,1.3569
07/12/2016,Rathbone Multi Asset Strategic Gr S Acc,1.3619
07/13/2016,Rathbone Multi Asset Strategic Gr S Acc,1.3604
07/14/2016,Rathbone Multi Asset Strategic Gr S Acc,1.3646
07/15/2016,Rathbone Multi Asset Strategic Gr S Acc,1.3577
07/16/2016,Rathbone Multi Asset Strategic Gr S Acc,1.3577
07/17/2016,Rathbone Multi Asset Strategic Gr S Acc,1.3577
07/18/2016,Rathbone Multi Asset Strategic Gr S Acc,1.3625
07/19/2016,Rathbone Multi Asset Strategic Gr S Acc,1.3654
07/20/2016,Rathbone Multi Asset Strategic Gr S Acc,1.3689
07/21/2016,Rathbone Multi Asset Strategic Gr S Acc,1.3686
07/22/2016,Rathbone Multi Asset Strategic Gr S Acc,1.3706
07/23/2016,Rathbone Multi Asset Strategic Gr S Acc,1.3706
07/24/2016,Rathbone Multi Asset Strategic Gr S Acc,1.3706
07/25/2016,Rathbone Multi Asset Strategic Gr S Acc,1.3726
07/26/2016,Rathbone Multi Asset Strategic Gr S Acc,1.3717
07/27/2016,Rathbone Multi Asset Strategic Gr S Acc,1.3749
07/28/2016,Rathbone Multi Asset Strategic Gr S Acc,1.3744
07/29/2016,Rathbone Multi Asset Strategic Gr S Acc,1.3727
07/30/2016,Rathbone Multi Asset Strategic Gr S Acc,1.3727
07/31/2016,Rathbone Multi Asset Strategic Gr S Acc,1.3727
08/01/2016,Rathbone Multi Asset Strategic Gr S Acc,1.3741
08/02/2016,Rathbone Multi Asset Strategic Gr S Acc,1.37
08/03/2016,Rathbone Multi Asset Strategic Gr S Acc,1.3635
08/04/2016,Rathbone Multi Asset Strategic Gr S Acc,1.3634
08/05/2016,Rathbone Multi Asset Strategic Gr S Acc,1.3745
08/06/2016,Rathbone Multi Asset Strategic Gr S Acc,1.3745
08/07/2016,Rathbone Multi Asset Strategic Gr S Acc,1.3745
08/08/2016,Rathbone Multi Asset Strategic Gr S Acc,1.384
08/09/2016,Rathbone Multi Asset Strategic Gr S Acc,1.387
08/10/2016,Rathbone Multi Asset Strategic Gr S Acc,1.3859
08/11/2016,Rathbone Multi Asset Strategic Gr S Acc,1.3908
08/12/2016,Rathbone Multi Asset Strategic Gr S Acc,1.3971
08/13/2016,Rathbone Multi Asset Strategic Gr S Acc,1.3971
08/14/2016,Rathbone Multi Asset Strategic Gr S Acc,1.3971
08/15/2016,Rathbone Multi Asset Strategic Gr S Acc,1.4
08/16/2016,Rathbone Multi Asset Strategic Gr S Acc,1.3992
08/17/2016,Rathbone Multi Asset Strategic Gr S Acc,1.3943
08/18/2016,Rathbone Multi Asset Strategic Gr S Acc,1.39
08/19/2016,Rathbone Multi Asset Strategic Gr S Acc,1.3905
08/20/2016,Rathbone Multi Asset Strategic Gr S Acc,1.3905
08/21/2016,Rathbone Multi Asset Strategic Gr S Acc,1.3905
08/22/2016,Rathbone Multi Asset Strategic Gr S Acc,1.3908
08/23/2016,Rathbone Multi Asset Strategic Gr S Acc,1.3904
08/24/2016,Rathbone Multi Asset Strategic Gr S Acc,1.3918
08/25/2016,Rathbone Multi Asset Strategic Gr S Acc,1.3898
08/26/2016,Rathbone Multi Asset Strategic Gr S Acc,1.3877
08/27/2016,Rathbone Multi Asset Strategic Gr S Acc,1.3877
08/28/2016,Rathbone Multi Asset Strategic Gr S Acc,1.3877
08/29/2016,Rathbone Multi Asset Strategic Gr S Acc,1.3877
08/30/2016,Rathbone Multi Asset Strategic Gr S Acc,1.3919
08/31/2016,Rathbone Multi Asset Strategic Gr S Acc,1.3896
09/01/2016,Rathbone Multi Asset Strategic Gr S Acc,1.3861
09/02/2016,Rathbone Multi Asset Strategic Gr S Acc,1.3854
09/03/2016,Rathbone Multi Asset Strategic Gr S Acc,1.3854
09/04/2016,Rathbone Multi Asset Strategic Gr S Acc,1.3854
09/05/2016,Rathbone Multi Asset Strategic Gr S Acc,1.3879
09/06/2016,Rathbone Multi Asset Strategic Gr S Acc,1.3879
09/07/2016,Rathbone Multi Asset Strategic Gr S Acc,1.3856
09/08/2016,Rathbone Multi Asset Strategic Gr S Acc,1.3902
09/09/2016,Rathbone Multi Asset Strategic Gr S Acc,1.3899
09/10/2016,Rathbone Multi Asset Strategic Gr S Acc,1.3899
09/11/2016,Rathbone Multi Asset Strategic Gr S Acc,1.3899
09/12/2016,Rathbone Multi Asset Strategic Gr S Acc,1.3751
09/13/2016,Rathbone Multi Asset Strategic Gr S Acc,1.3757
09/14/2016,Rathbone Multi Asset Strategic Gr S Acc,1.3727
09/15/2016,Rathbone Multi Asset Strategic Gr S Acc,1.369
09/16/2016,Rathbone Multi Asset Strategic Gr S Acc,1.3738
09/17/2016,Rathbone Multi Asset Strategic Gr S Acc,1.3738
09/18/2016,Rathbone Multi Asset Strategic Gr S Acc,1.3738
09/19/2016,Rathbone Multi Asset Strategic Gr S Acc,1.3808
09/20/2016,Rathbone Multi Asset Strategic Gr S Acc,1.3868
09/21/2016,Rathbone Multi Asset Strategic Gr S Acc,1.389
09/22/2016,Rathbone Multi Asset Strategic Gr S Acc,1.3941
09/23/2016,Rathbone Multi Asset Strategic Gr S Acc,1.3998
09/24/2016,Rathbone Multi Asset Strategic Gr S Acc,1.3998
09/25/2016,Rathbone Multi Asset Strategic Gr S Acc,1.3998
09/26/2016,Rathbone Multi Asset Strategic Gr S Acc,1.3976
09/27/2016,Rathbone Multi Asset Strategic Gr S Acc,1.3936
09/28/2016,Rathbone Multi Asset Strategic Gr S Acc,1.3947
09/29/2016,Rathbone Multi Asset Strategic Gr S Acc,1.3991
09/30/2016,Rathbone Multi Asset Strategic Gr S Acc,1.3942
10/01/2016,Rathbone Multi Asset Strategic Gr S Acc,1.3942
10/02/2016,Rathbone Multi Asset Strategic Gr S Acc,1.3942
10/03/2016,Rathbone Multi Asset Strategic Gr S Acc,1.4025
10/04/2016,Rathbone Multi Asset Strategic Gr S Acc,1.4135
10/05/2016,Rathbone Multi Asset Strategic Gr S Acc,1.4115
10/06/2016,Rathbone Multi Asset Strategic Gr S Acc,1.4107
10/07/2016,Rathbone Multi Asset Strategic Gr S Acc,1.4213
10/08/2016,Rathbone Multi Asset Strategic Gr S Acc,1.4213
10/09/2016,Rathbone Multi Asset Strategic Gr S Acc,1.4213
10/10/2016,Rathbone Multi Asset Strategic Gr S Acc,1.4179
10/11/2016,Rathbone Multi Asset Strategic Gr S Acc,1.4267
10/12/2016,Rathbone Multi Asset Strategic Gr S Acc,1.4227
10/13/2016,Rathbone Multi Asset Strategic Gr S Acc,1.422
10/14/2016,Rathbone Multi Asset Strategic Gr S Acc,1.4211
10/15/2016,Rathbone Multi Asset Strategic Gr S Acc,1.4211
10/16/2016,Rathbone Multi Asset Strategic Gr S Acc,1.4211
10/17/2016,Rathbone Multi Asset Strategic Gr S Acc,1.4193
10/18/2016,Rathbone Multi Asset Strategic Gr S Acc,1.4194
10/19/2016,Rathbone Multi Asset Strategic Gr S Acc,1.4198
10/20/2016,Rathbone Multi Asset Strategic Gr S Acc,1.4248
10/21/2016,Rathbone Multi Asset Strategic Gr S Acc,1.4245
10/22/2016,Rathbone Multi Asset Strategic Gr S Acc,1.4245
10/23/2016,Rathbone Multi Asset Strategic Gr S Acc,1.4245
10/24/2016,Rathbone Multi Asset Strategic Gr S Acc,1.4239
10/25/2016,Rathbone Multi Asset Strategic Gr S Acc,1.4244
10/26/2016,Rathbone Multi Asset Strategic Gr S Acc,1.4203
10/27/2016,Rathbone Multi Asset Strategic Gr S Acc,1.4177
10/28/2016,Rathbone Multi Asset Strategic Gr S Acc,1.4193
10/29/2016,Rathbone Multi Asset Strategic Gr S Acc,1.4193
10/30/2016,Rathbone Multi Asset Strategic Gr S Acc,1.4193
10/31/2016,Rathbone Multi Asset Strategic Gr S Acc,1.4158
11/01/2016,Rathbone Multi Asset Strategic Gr S Acc,1.4135
11/02/2016,Rathbone Multi Asset Strategic Gr S Acc,1.4069
11/03/2016,Rathbone Multi Asset Strategic Gr S Acc,1.4006
11/04/2016,Rathbone Multi Asset Strategic Gr S Acc,1.3884
11/05/2016,Rathbone Multi Asset Strategic Gr S Acc,1.3884
11/06/2016,Rathbone Multi Asset Strategic Gr S Acc,1.3884
11/07/2016,Rathbone Multi Asset Strategic Gr S Acc,1.3918
11/08/2016,Rathbone Multi Asset Strategic Gr S Acc,1.3983
11/09/2016,Rathbone Multi Asset Strategic Gr S Acc,1.3966
11/10/2016,Rathbone Multi Asset Strategic Gr S Acc,1.4091
11/11/2016,Rathbone Multi Asset Strategic Gr S Acc,1.3948
11/12/2016,Rathbone Multi Asset Strategic Gr S Acc,1.3948
11/13/2016,Rathbone Multi Asset Strategic Gr S Acc,1.3948
11/14/2016,Rathbone Multi Asset Strategic Gr S Acc,1.3951
11/15/2016,Rathbone Multi Asset Strategic Gr S Acc,1.3957
11/16/2016,Rathbone Multi Asset Strategic Gr S Acc,1.3962
11/17/2016,Rathbone Multi Asset Strategic Gr S Acc,1.3964
11/18/2016,Rathbone Multi Asset Strategic Gr S Acc,1.3992
11/19/2016,Rathbone Multi Asset Strategic Gr S Acc,1.3992
11/20/2016,Rathbone Multi Asset Strategic Gr S Acc,1.3992
11/21/2016,Rathbone Multi Asset Strategic Gr S Acc,1.4003
11/22/2016,Rathbone Multi Asset Strategic Gr S Acc,1.4021
11/23/2016,Rathbone Multi Asset Strategic Gr S Acc,1.4048
11/24/2016,Rathbone Multi Asset Strategic Gr S Acc,1.4024
11/25/2016,Rathbone Multi Asset Strategic Gr S Acc,1.4043
11/26/2016,Rathbone Multi Asset Strategic Gr S Acc,1.4043
11/27/2016,Rathbone Multi Asset Strategic Gr S Acc,1.4043
11/28/2016,Rathbone Multi Asset Strategic Gr S Acc,1.4061
11/29/2016,Rathbone Multi Asset Strategic Gr S Acc,1.4035
11/30/2016,Rathbone Multi Asset Strategic Gr S Acc,1.406
12/01/2016,Rathbone Multi Asset Strategic Gr S Acc,1.3955
12/02/2016,Rathbone Multi Asset Strategic Gr S Acc,1.3896
12/03/2016,Rathbone Multi Asset Strategic Gr S Acc,1.3896
12/04/2016,Rathbone Multi Asset Strategic Gr S Acc,1.3896
12/05/2016,Rathbone Multi Asset Strategic Gr S Acc,1.3882
12/06/2016,Rathbone Multi Asset Strategic Gr S Acc,1.3889
12/07/2016,Rathbone Multi Asset Strategic Gr S Acc,1.3978
12/08/2016,Rathbone Multi Asset Strategic Gr S Acc,1.4037
12/09/2016,Rathbone Multi Asset Strategic Gr S Acc,1.4086
12/10/2016,Rathbone Multi Asset Strategic Gr S Acc,1.4086
12/11/2016,Rathbone Multi Asset Strategic Gr S Acc,1.4086
12/12/2016,Rathbone Multi Asset Strategic Gr S Acc,1.4096
12/13/2016,Rathbone Multi Asset Strategic Gr S Acc,1.4087
12/14/2016,Rathbone Multi Asset Strategic Gr S Acc,1.4136
12/15/2016,Rathbone Multi Asset Strategic Gr S Acc,1.4134
12/16/2016,Rathbone Multi Asset Strategic Gr S Acc,1.4185
12/17/2016,Rathbone Multi Asset Strategic Gr S Acc,1.4185
12/18/2016,Rathbone Multi Asset Strategic Gr S Acc,1.4185
12/19/2016,Rathbone Multi Asset Strategic Gr S Acc,1.4187
12/20/2016,Rathbone Multi Asset Strategic Gr S Acc,1.4216
12/21/2016,Rathbone Multi Asset Strategic Gr S Acc,1.4235
12/22/2016,Rathbone Multi Asset Strategic Gr S Acc,1.4266
12/23/2016,Rathbone Multi Asset Strategic Gr S Acc,1.4291
12/24/2016,Rathbone Multi Asset Strategic Gr S Acc,1.4291
12/25/2016,Rathbone Multi Asset Strategic Gr S Acc,1.4291
12/26/2016,Rathbone Multi Asset Strategic Gr S Acc,1.4291
12/27/2016,Rathbone Multi Asset Strategic Gr S Acc,1.4291
12/28/2016,Rathbone Multi Asset Strategic Gr S Acc,1.4318
12/29/2016,Rathbone Multi Asset Strategic Gr S Acc,1.4303
12/30/2016,Rathbone Multi Asset Strategic Gr S Acc,1.431
12/31/2016,Rathbone Multi Asset Strategic Gr S Acc,1.431
01/01/2017,Rathbone Multi Asset Strategic Gr S Acc,1.431
01/02/2017,Rathbone Multi Asset Strategic Gr S Acc,1.431
01/03/2017,Rathbone Multi Asset Strategic Gr S Acc,1.4311
01/04/2017,Rathbone Multi Asset Strategic Gr S Acc,1.4349
01/05/2017,Rathbone Multi Asset Strategic Gr S Acc,1.4405
01/06/2017,Rathbone Multi Asset Strategic Gr S Acc,1.4413
01/07/2017,Rathbone Multi Asset Strategic Gr S Acc,1.4413
01/08/2017,Rathbone Multi Asset Strategic Gr S Acc,1.4413
01/09/2017,Rathbone Multi Asset Strategic Gr S Acc,1.4468
01/10/2017,Rathbone Multi Asset Strategic Gr S Acc,1.4495
01/11/2017,Rathbone Multi Asset Strategic Gr S Acc,1.4516
01/12/2017,Rathbone Multi Asset Strategic Gr S Acc,1.4482
01/13/2017,Rathbone Multi Asset Strategic Gr S Acc,1.4522
01/14/2017,Rathbone Multi Asset Strategic Gr S Acc,1.4522
01/15/2017,Rathbone Multi Asset Strategic Gr S Acc,1.4522
01/16/2017,Rathbone Multi Asset Strategic Gr S Acc,1.4553
01/17/2017,Rathbone Multi Asset Strategic Gr S Acc,1.4514
01/18/2017,Rathbone Multi Asset Strategic Gr S Acc,1.4468
01/19/2017,Rathbone Multi Asset Strategic Gr S Acc,1.4433
01/20/2017,Rathbone Multi Asset Strategic Gr S Acc,1.4425
01/21/2017,Rathbone Multi Asset Strategic Gr S Acc,1.4425
01/22/2017,Rathbone Multi Asset Strategic Gr S Acc,1.4425
01/23/2017,Rathbone Multi Asset Strategic Gr S Acc,1.4383
01/24/2017,Rathbone Multi Asset Strategic Gr S Acc,1.4364
01/25/2017,Rathbone Multi Asset Strategic Gr S Acc,1.4365
01/26/2017,Rathbone Multi Asset Strategic Gr S Acc,1.4394
01/27/2017,Rathbone Multi Asset Strategic Gr S Acc,1.4405
01/28/2017,Rathbone Multi Asset Strategic Gr S Acc,1.4405
01/29/2017,Rathbone Multi Asset Strategic Gr S Acc,1.4405
01/30/2017,Rathbone Multi Asset Strategic Gr S Acc,1.4407
01/31/2017,Rathbone Multi Asset Strategic Gr S Acc,1.4405
02/01/2017,Rathbone Multi Asset Strategic Gr S Acc,1.436
02/02/2017,Rathbone Multi Asset Strategic Gr S Acc,1.4335
02/03/2017,Rathbone Multi Asset Strategic Gr S Acc,1.4415
02/04/2017,Rathbone Multi Asset Strategic Gr S Acc,1.4415
02/05/2017,Rathbone Multi Asset Strategic Gr S Acc,1.4415
02/06/2017,Rathbone Multi Asset Strategic Gr S Acc,1.4452
02/07/2017,Rathbone Multi Asset Strategic Gr S Acc,1.4509
02/08/2017,Rathbone Multi Asset Strategic Gr S Acc,1.448
02/09/2017,Rathbone Multi Asset Strategic Gr S Acc,1.4474
02/10/2017,Rathbone Multi Asset Strategic Gr S Acc,1.4534
02/11/2017,Rathbone Multi Asset Strategic Gr S Acc,1.4534
02/12/2017,Rathbone Multi Asset Strategic Gr S Acc,1.4534
02/13/2017,Rathbone Multi Asset Strategic Gr S Acc,1.4551
02/14/2017,Rathbone Multi Asset Strategic Gr S Acc,1.4594
02/15/2017,Rathbone Multi Asset Strategic Gr S Acc,1.4627
02/16/2017,Rathbone Multi Asset Strategic Gr S Acc,1.4631
02/17/2017,Rathbone Multi Asset Strategic Gr S Acc,1.4667
02/18/2017,Rathbone Multi Asset Strategic Gr S Acc,1.4667
02/19/2017,Rathbone Multi Asset Strategic Gr S Acc,1.4667
02/20/2017,Rathbone Multi Asset Strategic Gr S Acc,1.4672
02/21/2017,Rathbone Multi Asset Strategic Gr S Acc,1.4695
02/22/2017,Rathbone Multi Asset Strategic Gr S Acc,1.4699
02/23/2017,Rathbone Multi Asset Strategic Gr S Acc,1.4719
02/24/2017,Rathbone Multi Asset Strategic Gr S Acc,1.4675
02/25/2017,Rathbone Multi Asset Strategic Gr S Acc,1.4675
02/26/2017,Rathbone Multi Asset Strategic Gr S Acc,1.4675
02/27/2017,Rathbone Multi Asset Strategic Gr S Acc,1.4717
02/28/2017,Rathbone Multi Asset Strategic Gr S Acc,1.4712
03/01/2017,Rathbone Multi Asset Strategic Gr S Acc,1.4754
03/02/2017,Rathbone Multi Asset Strategic Gr S Acc,1.4817
03/03/2017,Rathbone Multi Asset Strategic Gr S Acc,1.4828
03/04/2017,Rathbone Multi Asset Strategic Gr S Acc,1.4828
03/05/2017,Rathbone Multi Asset Strategic Gr S Acc,1.4828
03/06/2017,Rathbone Multi Asset Strategic Gr S Acc,1.4815
03/07/2017,Rathbone Multi Asset Strategic Gr S Acc,1.4823
03/08/2017,Rathbone Multi Asset Strategic Gr S Acc,1.4816
03/09/2017,Rathbone Multi Asset Strategic Gr S Acc,1.4805
03/10/2017,Rathbone Multi Asset Strategic Gr S Acc,1.481
03/11/2017,Rathbone Multi Asset Strategic Gr S Acc,1.481
03/12/2017,Rathbone Multi Asset Strategic Gr S Acc,1.481
03/13/2017,Rathbone Multi Asset Strategic Gr S Acc,1.4806
03/14/2017,Rathbone Multi Asset Strategic Gr S Acc,1.4852
03/15/2017,Rathbone Multi Asset Strategic Gr S Acc,1.4852
03/16/2017,Rathbone Multi Asset Strategic Gr S Acc,1.4892
03/17/2017,Rathbone Multi Asset Strategic Gr S Acc,1.4884
03/18/2017,Rathbone Multi Asset Strategic Gr S Acc,1.4884
03/19/2017,Rathbone Multi Asset Strategic Gr S Acc,1.4884
03/20/2017,Rathbone Multi Asset Strategic Gr S Acc,1.488
03/21/2017,Rathbone Multi Asset Strategic Gr S Acc,1.4866
03/22/2017,Rathbone Multi Asset Strategic Gr S Acc,1.4778
03/23/2017,Rathbone Multi Asset Strategic Gr S Acc,1.4755
03/24/2017,Rathbone Multi Asset Strategic Gr S Acc,1.4753
03/25/2017,Rathbone Multi Asset Strategic Gr S Acc,1.4753
03/26/2017,Rathbone Multi Asset Strategic Gr S Acc,1.4753
03/27/2017,Rathbone Multi Asset Strategic Gr S Acc,1.4719
03/28/2017,Rathbone Multi Asset Strategic Gr S Acc,1.4733
03/29/2017,Rathbone Multi Asset Strategic Gr S Acc,1.4789
03/30/2017,Rathbone Multi Asset Strategic Gr S Acc,1.4816
03/31/2017,Rathbone Multi Asset Strategic Gr S Acc,1.481
04/01/2017,Rathbone Multi Asset Strategic Gr S Acc,1.481
04/02/2017,Rathbone Multi Asset Strategic Gr S Acc,1.481
04/03/2017,Rathbone Multi Asset Strategic Gr S Acc,1.4799
04/04/2017,Rathbone Multi Asset Strategic Gr S Acc,1.4809
04/05/2017,Rathbone Multi Asset Strategic Gr S Acc,1.4815
04/06/2017,Rathbone Multi Asset Strategic Gr S Acc,1.4805
04/07/2017,Rathbone Multi Asset Strategic Gr S Acc,1.4814
04/08/2017,Rathbone Multi Asset Strategic Gr S Acc,1.4814
04/09/2017,Rathbone Multi Asset Strategic Gr S Acc,1.4814
04/10/2017,Rathbone Multi Asset Strategic Gr S Acc,1.4834
04/11/2017,Rathbone Multi Asset Strategic Gr S Acc,1.486
04/12/2017,Rathbone Multi Asset Strategic Gr S Acc,1.4843
04/13/2017,Rathbone Multi Asset Strategic Gr S Acc,1.4818
04/14/2017,Rathbone Multi Asset Strategic Gr S Acc,1.4818
04/15/2017,Rathbone Multi Asset Strategic Gr S Acc,1.4818
04/16/2017,Rathbone Multi Asset Strategic Gr S Acc,1.4818
04/17/2017,Rathbone Multi Asset Strategic Gr S Acc,1.4818
04/18/2017,Rathbone Multi Asset Strategic Gr S Acc,1.477
04/19/2017,Rathbone Multi Asset Strategic Gr S Acc,1.4686
04/20/2017,Rathbone Multi Asset Strategic Gr S Acc,1.4673
04/21/2017,Rathbone Multi Asset Strategic Gr S Acc,1.4693
04/22/2017,Rathbone Multi Asset Strategic Gr S Acc,1.4693
04/23/2017,Rathbone Multi Asset Strategic Gr S Acc,1.4693
04/24/2017,Rathbone Multi Asset Strategic Gr S Acc,1.4734
04/25/2017,Rathbone Multi Asset Strategic Gr S Acc,1.4793
04/26/2017,Rathbone Multi Asset Strategic Gr S Acc,1.4828
04/27/2017,Rathbone Multi Asset Strategic Gr S Acc,1.4819
04/28/2017,Rathbone Multi Asset Strategic Gr S Acc,1.4809
04/29/2017,Rathbone Multi Asset Strategic Gr S Acc,1.4809
04/30/2017,Rathbone Multi Asset Strategic Gr S Acc,1.4809
05/01/2017,Rathbone Multi Asset Strategic Gr S Acc,1.4809
05/02/2017,Rathbone Multi Asset Strategic Gr S Acc,1.4821
05/03/2017,Rathbone Multi Asset Strategic Gr S Acc,1.4836
05/04/2017,Rathbone Multi Asset Strategic Gr S Acc,1.4877
05/05/2017,Rathbone Multi Asset Strategic Gr S Acc,1.4877
05/06/2017,Rathbone Multi Asset Strategic Gr S Acc,1.4877
05/07/2017,Rathbone Multi Asset Strategic Gr S Acc,1.4877
05/08/2017,Rathbone Multi Asset Strategic Gr S Acc,1.4893
05/09/2017,Rathbone Multi Asset Strategic Gr S Acc,1.4919
05/10/2017,Rathbone Multi Asset Strategic Gr S Acc,1.4917
05/11/2017,Rathbone Multi Asset Strategic Gr S Acc,1.4939
05/12/2017,Rathbone Multi Asset Strategic Gr S Acc,1.4956
05/13/2017,Rathbone Multi Asset Strategic Gr S Acc,1.4956
05/14/2017,Rathbone Multi Asset Strategic Gr S Acc,1.4956
05/15/2017,Rathbone Multi Asset Strategic Gr S Acc,1.4973
05/16/2017,Rathbone Multi Asset Strategic Gr S Acc,1.5003
05/17/2017,Rathbone Multi Asset Strategic Gr S Acc,1.5012
05/18/2017,Rathbone Multi Asset Strategic Gr S Acc,1.4903
05/19/2017,Rathbone Multi Asset Strategic Gr S Acc,1.4921
05/20/2017,Rathbone Multi Asset Strategic Gr S Acc,1.4921
05/21/2017,Rathbone Multi Asset Strategic Gr S Acc,1.4921
05/22/2017,Rathbone Multi Asset Strategic Gr S Acc,1.4953
05/23/2017,Rathbone Multi Asset Strategic Gr S Acc,1.4988
05/24/2017,Rathbone Multi Asset Strategic Gr S Acc,1.5017
05/25/2017,Rathbone Multi Asset Strategic Gr S Acc,1.5044
05/26/2017,Rathbone Multi Asset Strategic Gr S Acc,1.5089
05/27/2017,Rathbone Multi Asset Strategic Gr S Acc,1.5089
05/28/2017,Rathbone Multi Asset Strategic Gr S Acc,1.5089
05/29/2017,Rathbone Multi Asset Strategic Gr S Acc,1.5089
05/30/2017,Rathbone Multi Asset Strategic Gr S Acc,1.5109
05/31/2017,Rathbone Multi Asset Strategic Gr S Acc,1.5136
06/01/2017,Rathbone Multi Asset Strategic Gr S Acc,1.5153
06/02/2017,Rathbone Multi Asset Strategic Gr S Acc,1.5194
06/03/2017,Rathbone Multi Asset Strategic Gr S Acc,1.5194
06/04/2017,Rathbone Multi Asset Strategic Gr S Acc,1.5194
06/05/2017,Rathbone Multi Asset Strategic Gr S Acc,1.5187
06/06/2017,Rathbone Multi Asset Strategic Gr S Acc,1.5176
06/07/2017,Rathbone Multi Asset Strategic Gr S Acc,1.5181
06/08/2017,Rathbone Multi Asset Strategic Gr S Acc,1.5162
06/09/2017,Rathbone Multi Asset Strategic Gr S Acc,1.5212
06/10/2017,Rathbone Multi Asset Strategic Gr S Acc,1.5212
06/11/2017,Rathbone Multi Asset Strategic Gr S Acc,1.5212
06/12/2017,Rathbone Multi Asset Strategic Gr S Acc,1.524
06/13/2017,Rathbone Multi Asset Strategic Gr S Acc,1.5225
06/14/2017,Rathbone Multi Asset Strategic Gr S Acc,1.5258
06/15/2017,Rathbone Multi Asset Strategic Gr S Acc,1.5216
06/16/2017,Rathbone Multi Asset Strategic Gr S Acc,1.5195
06/17/2017,Rathbone Multi Asset Strategic Gr S Acc,1.5195
06/18/2017,Rathbone Multi Asset Strategic Gr S Acc,1.5195
06/19/2017,Rathbone Multi Asset Strategic Gr S Acc,1.5218
06/20/2017,Rathbone Multi Asset Strategic Gr S Acc,1.5285
06/21/2017,Rathbone Multi Asset Strategic Gr S Acc,1.5282
06/22/2017,Rathbone Multi Asset Strategic Gr S Acc,1.5273
06/23/2017,Rathbone Multi Asset Strategic Gr S Acc,1.5254
06/24/2017,Rathbone Multi Asset Strategic Gr S Acc,1.5254
06/25/2017,Rathbone Multi Asset Strategic Gr S Acc,1.5254
06/26/2017,Rathbone Multi Asset Strategic Gr S Acc,1.5288
06/27/2017,Rathbone Multi Asset Strategic Gr S Acc,1.5278
06/28/2017,Rathbone Multi Asset Strategic Gr S Acc,1.5223
06/29/2017,Rathbone Multi Asset Strategic Gr S Acc,1.5152
06/30/2017,Rathbone Multi Asset Strategic Gr S Acc,1.5086
07/01/2017,Rathbone Multi Asset Strategic Gr S Acc,1.5086
07/02/2017,Rathbone Multi Asset Strategic Gr S Acc,1.5086
07/03/2017,Rathbone Multi Asset Strategic Gr S Acc,1.5061
07/04/2017,Rathbone Multi Asset Strategic Gr S Acc,1.5053
07/05/2017,Rathbone Multi Asset Strategic Gr S Acc,1.5047
07/06/2017,Rathbone Multi Asset Strategic Gr S Acc,1.5019
07/07/2017,Rathbone Multi Asset Strategic Gr S Acc,1.5004
07/08/2017,Rathbone Multi Asset Strategic Gr S Acc,1.5004
07/09/2017,Rathbone Multi Asset Strategic Gr S Acc,1.5004
07/10/2017,Rathbone Multi Asset Strategic Gr S Acc,1.502
07/11/2017,Rathbone Multi Asset Strategic Gr S Acc,1.501
07/12/2017,Rathbone Multi Asset Strategic Gr S Acc,1.5053
07/13/2017,Rathbone Multi Asset Strategic Gr S Acc,1.5088
07/14/2017,Rathbone Multi Asset Strategic Gr S Acc,1.509
07/15/2017,Rathbone Multi Asset Strategic Gr S Acc,1.509
07/16/2017,Rathbone Multi Asset Strategic Gr S Acc,1.509
07/17/2017,Rathbone Multi Asset Strategic Gr S Acc,1.5091
07/18/2017,Rathbone Multi Asset Strategic Gr S Acc,1.5105
07/19/2017,Rathbone Multi Asset Strategic Gr S Acc,1.5096
07/20/2017,Rathbone Multi Asset Strategic Gr S Acc,1.5166
07/21/2017,Rathbone Multi Asset Strategic Gr S Acc,1.5159
07/22/2017,Rathbone Multi Asset Strategic Gr S Acc,1.5159
07/23/2017,Rathbone Multi Asset Strategic Gr S Acc,1.5159
07/24/2017,Rathbone Multi Asset Strategic Gr S Acc,1.5116
07/25/2017,Rathbone Multi Asset Strategic Gr S Acc,1.5124
07/26/2017,Rathbone Multi Asset Strategic Gr S Acc,1.5127
07/27/2017,Rathbone Multi Asset Strategic Gr S Acc,1.5122
07/28/2017,Rathbone Multi Asset Strategic Gr S Acc,1.5095
07/29/2017,Rathbone Multi Asset Strategic Gr S Acc,1.5095
07/30/2017,Rathbone Multi Asset Strategic Gr S Acc,1.5095
07/31/2017,Rathbone Multi Asset Strategic Gr S Acc,1.5091
08/01/2017,Rathbone Multi Asset Strategic Gr S Acc,1.5069
08/02/2017,Rathbone Multi Asset Strategic Gr S Acc,1.5065
08/03/2017,Rathbone Multi Asset Strategic Gr S Acc,1.5062
08/04/2017,Rathbone Multi Asset Strategic Gr S Acc,1.5112
08/05/2017,Rathbone Multi Asset Strategic Gr S Acc,1.5112
08/06/2017,Rathbone Multi Asset Strategic Gr S Acc,1.5112
08/07/2017,Rathbone Multi Asset Strategic Gr S Acc,1.5172
08/08/2017,Rathbone Multi Asset Strategic Gr S Acc,1.5206
08/09/2017,Rathbone Multi Asset Strategic Gr S Acc,1.5194
08/10/2017,Rathbone Multi Asset Strategic Gr S Acc,1.5178
08/11/2017,Rathbone Multi Asset Strategic Gr S Acc,1.5095
08/12/2017,Rathbone Multi Asset Strategic Gr S Acc,1.5095
08/13/2017,Rathbone Multi Asset Strategic Gr S Acc,1.5095
08/14/2017,Rathbone Multi Asset Strategic Gr S Acc,1.5094
08/15/2017,Rathbone Multi Asset Strategic Gr S Acc,1.5154
08/16/2017,Rathbone Multi Asset Strategic Gr S Acc,1.5198
08/17/2017,Rathbone Multi Asset Strategic Gr S Acc,1.5209
08/18/2017,Rathbone Multi Asset Strategic Gr S Acc,1.5145
08/19/2017,Rathbone Multi Asset Strategic Gr S Acc,1.5145
08/20/2017,Rathbone Multi Asset Strategic Gr S Acc,1.5145
08/21/2017,Rathbone Multi Asset Strategic Gr S Acc,1.513
08/22/2017,Rathbone Multi Asset Strategic Gr S Acc,1.5153
08/23/2017,Rathbone Multi Asset Strategic Gr S Acc,1.5207
08/24/2017,Rathbone Multi Asset Strategic Gr S Acc,1.5217
08/25/2017,Rathbone Multi Asset Strategic Gr S Acc,1.5228
08/26/2017,Rathbone Multi Asset Strategic Gr S Acc,1.5228
08/27/2017,Rathbone Multi Asset Strategic Gr S Acc,1.5228
08/28/2017,Rathbone Multi Asset Strategic Gr S Acc,1.5228
08/29/2017,Rathbone Multi Asset Strategic Gr S Acc,1.5143
08/30/2017,Rathbone Multi Asset Strategic Gr S Acc,1.517
08/31/2017,Rathbone Multi Asset Strategic Gr S Acc,1.5221
09/01/2017,Rathbone Multi Asset Strategic Gr S Acc,1.526
09/02/2017,Rathbone Multi Asset Strategic Gr S Acc,1.526
09/03/2017,Rathbone Multi Asset Strategic Gr S Acc,1.526
09/04/2017,Rathbone Multi Asset Strategic Gr S Acc,1.5259
09/05/2017,Rathbone Multi Asset Strategic Gr S Acc,1.5254
09/06/2017,Rathbone Multi Asset Strategic Gr S Acc,1.5182
09/07/2017,Rathbone Multi Asset Strategic Gr S Acc,1.519
09/08/2017,Rathbone Multi Asset Strategic Gr S Acc,1.5175
09/09/2017,Rathbone Multi Asset Strategic Gr S Acc,1.5175
09/10/2017,Rathbone Multi Asset Strategic Gr S Acc,1.5175
09/11/2017,Rathbone Multi Asset Strategic Gr S Acc,1.521
09/12/2017,Rathbone Multi Asset Strategic Gr S Acc,1.5208
09/13/2017,Rathbone Multi Asset Strategic Gr S Acc,1.522
09/14/2017,Rathbone Multi Asset Strategic Gr S Acc,1.5233
09/15/2017,Rathbone Multi Asset Strategic Gr S Acc,1.5039
09/16/2017,Rathbone Multi Asset Strategic Gr S Acc,1.5039
09/17/2017,Rathbone Multi Asset Strategic Gr S Acc,1.5039
09/18/2017,Rathbone Multi Asset Strategic Gr S Acc,1.5035
09/19/2017,Rathbone Multi Asset Strategic Gr S Acc,1.5062
09/20/2017,Rathbone Multi Asset Strategic Gr S Acc,1.508
09/21/2017,Rathbone Multi Asset Strategic Gr S Acc,1.5087
09/22/2017,Rathbone Multi Asset Strategic Gr S Acc,1.5049
09/23/2017,Rathbone Multi Asset Strategic Gr S Acc,1.5049
09/24/2017,Rathbone Multi Asset Strategic Gr S Acc,1.5049
09/25/2017,Rathbone Multi Asset Strategic Gr S Acc,1.5074
09/26/2017,Rathbone Multi Asset Strategic Gr S Acc,1.5072
09/27/2017,Rathbone Multi Asset Strategic Gr S Acc,1.5066
09/28/2017,Rathbone Multi Asset Strategic Gr S Acc,1.5064
09/29/2017,Rathbone Multi Asset Strategic Gr S Acc,1.5117
09/30/2017,Rathbone Multi Asset Strategic Gr S Acc,1.5117
10/01/2017,Rathbone Multi Asset Strategic Gr S Acc,1.5117
10/02/2017,Rathbone Multi Asset Strategic Gr S Acc,1.5171
10/03/2017,Rathbone Multi Asset Strategic Gr S Acc,1.5229
10/04/2017,Rathbone Multi Asset Strategic Gr S Acc,1.526
10/05/2017,Rathbone Multi Asset Strategic Gr S Acc,1.5308
10/06/2017,Rathbone Multi Asset Strategic Gr S Acc,1.5376
10/07/2017,Rathbone Multi Asset Strategic Gr S Acc,1.5376
10/08/2017,Rathbone Multi Asset Strategic Gr S Acc,1.5376
10/09/2017,Rathbone Multi Asset Strategic Gr S Acc,1.537
10/10/2017,Rathbone Multi Asset Strategic Gr S Acc,1.5354
10/11/2017,Rathbone Multi Asset Strategic Gr S Acc,1.5369
10/12/2017,Rathbone Multi Asset Strategic Gr S Acc,1.539
10/13/2017,Rathbone Multi Asset Strategic Gr S Acc,1.5374
10/14/2017,Rathbone Multi Asset Strategic Gr S Acc,1.5374
10/15/2017,Rathbone Multi Asset Strategic Gr S Acc,1.5374
10/16/2017,Rathbone Multi Asset Strategic Gr S Acc,1.5377
10/17/2017,Rathbone Multi Asset Strategic Gr S Acc,1.5409
10/18/2017,Rathbone Multi Asset Strategic Gr S Acc,1.5435
10/19/2017,Rathbone Multi Asset Strategic Gr S Acc,1.5416
10/20/2017,Rathbone Multi Asset Strategic Gr S Acc,1.5415
10/21/2017,Rathbone Multi Asset Strategic Gr S Acc,1.5415
10/22/2017,Rathbone Multi Asset Strategic Gr S Acc,1.5415
10/23/2017,Rathbone Multi Asset Strategic Gr S Acc,1.5414
10/24/2017,Rathbone Multi Asset Strategic Gr S Acc,1.5393
10/25/2017,Rathbone Multi Asset Strategic Gr S Acc,1.5373
10/26/2017,Rathbone Multi Asset Strategic Gr S Acc,1.536
10/27/2017,Rathbone Multi Asset Strategic Gr S Acc,1.5436
10/28/2017,Rathbone Multi Asset Strategic Gr S Acc,1.5436
10/29/2017,Rathbone Multi Asset Strategic Gr S Acc,1.5436
10/30/2017,Rathbone Multi Asset Strategic Gr S Acc,1.5466
10/31/2017,Rathbone Multi Asset Strategic Gr S Acc,1.5452
11/01/2017,Rathbone Multi Asset Strategic Gr S Acc,1.5463
11/02/2017,Rathbone Multi Asset Strategic Gr S Acc,1.549
11/03/2017,Rathbone Multi Asset Strategic Gr S Acc,1.5559
11/04/2017,Rathbone Multi Asset Strategic Gr S Acc,1.5559
11/05/2017,Rathbone Multi Asset Strategic Gr S Acc,1.5559
11/06/2017,Rathbone Multi Asset Strategic Gr S Acc,1.5575
11/07/2017,Rathbone Multi Asset Strategic Gr S Acc,1.5578
11/08/2017,Rathbone Multi Asset Strategic Gr S Acc,1.5567
11/09/2017,Rathbone Multi Asset Strategic Gr S Acc,1.5571
11/10/2017,Rathbone Multi Asset Strategic Gr S Acc,1.552
11/11/2017,Rathbone Multi Asset Strategic Gr S Acc,1.552
11/12/2017,Rathbone Multi Asset Strategic Gr S Acc,1.552
11/13/2017,Rathbone Multi Asset Strategic Gr S Acc,1.5508
11/14/2017,Rathbone Multi Asset Strategic Gr S Acc,1.5482
11/15/2017,Rathbone Multi Asset Strategic Gr S Acc,1.5433
11/16/2017,Rathbone Multi Asset Strategic Gr S Acc,1.5405
11/17/2017,Rathbone Multi Asset Strategic Gr S Acc,1.5434
11/18/2017,Rathbone Multi Asset Strategic Gr S Acc,1.5434
11/19/2017,Rathbone Multi Asset Strategic Gr S Acc,1.5434
11/20/2017,Rathbone Multi Asset Strategic Gr S Acc,1.5441
11/21/2017,Rathbone Multi Asset Strategic Gr S Acc,1.5477
11/22/2017,Rathbone Multi Asset Strategic Gr S Acc,1.553
11/23/2017,Rathbone Multi Asset Strategic Gr S Acc,1.5531
11/24/2017,Rathbone Multi Asset Strategic Gr S Acc,1.5538
11/25/2017,Rathbone Multi Asset Strategic Gr S Acc,1.5538
11/26/2017,Rathbone Multi Asset Strategic Gr S Acc,1.5538
11/27/2017,Rathbone Multi Asset Strategic Gr S Acc,1.5532
11/28/2017,Rathbone Multi Asset Strategic Gr S Acc,1.5533
11/29/2017,Rathbone Multi Asset Strategic Gr S Acc,1.5554
11/30/2017,Rathbone Multi Asset Strategic Gr S Acc,1.5511
12/01/2017,Rathbone Multi Asset Strategic Gr S Acc,1.5439
12/02/2017,Rathbone Multi Asset Strategic Gr S Acc,1.5439
12/03/2017,Rathbone Multi Asset Strategic Gr S Acc,1.5439
12/04/2017,Rathbone Multi Asset Strategic Gr S Acc,1.544
12/05/2017,Rathbone Multi Asset Strategic Gr S Acc,1.5452
12/06/2017,Rathbone Multi Asset Strategic Gr S Acc,1.5393
12/07/2017,Rathbone Multi Asset Strategic Gr S Acc,1.5373
12/08/2017,Rathbone Multi Asset Strategic Gr S Acc,1.5383
12/09/2017,Rathbone Multi Asset Strategic Gr S Acc,1.5383
12/10/2017,Rathbone Multi Asset Strategic Gr S Acc,1.5383
12/11/2017,Rathbone Multi Asset Strategic Gr S Acc,1.5446
12/12/2017,Rathbone Multi Asset Strategic Gr S Acc,1.5485
12/13/2017,Rathbone Multi Asset Strategic Gr S Acc,1.5497
12/14/2017,Rathbone Multi Asset Strategic Gr S Acc,1.549
12/15/2017,Rathbone Multi Asset Strategic Gr S Acc,1.5467
12/16/2017,Rathbone Multi Asset Strategic Gr S Acc,1.5467
12/17/2017,Rathbone Multi Asset Strategic Gr S Acc,1.5467
12/18/2017,Rathbone Multi Asset Strategic Gr S Acc,1.5537
12/19/2017,Rathbone Multi Asset Strategic Gr S Acc,1.5579
12/20/2017,Rathbone Multi Asset Strategic Gr S Acc,1.5584
12/21/2017,Rathbone Multi Asset Strategic Gr S Acc,1.5566
12/22/2017,Rathbone Multi Asset Strategic Gr S Acc,1.5592
12/23/2017,Rathbone Multi Asset Strategic Gr S Acc,1.5592
12/24/2017,Rathbone Multi Asset Strategic Gr S Acc,1.5592
12/25/2017,Rathbone Multi Asset Strategic Gr S Acc,1.5592
12/26/2017,Rathbone Multi Asset Strategic Gr S Acc,1.5592
12/27/2017,Rathbone Multi Asset Strategic Gr S Acc,1.5597
12/28/2017,Rathbone Multi Asset Strategic Gr S Acc,1.562
12/29/2017,Rathbone Multi Asset Strategic Gr S Acc,1.5643
12/30/2017,Rathbone Multi Asset Strategic Gr S Acc,1.5643
12/31/2017,Rathbone Multi Asset Strategic Gr S Acc,1.5643
01/01/2018,Rathbone Multi Asset Strategic Gr S Acc,1.5643
01/02/2018,Rathbone Multi Asset Strategic Gr S Acc,1.5606
01/03/2018,Rathbone Multi Asset Strategic Gr S Acc,1.567
01/04/2018,Rathbone Multi Asset Strategic Gr S Acc,1.574
01/05/2018,Rathbone Multi Asset Strategic Gr S Acc,1.582
01/06/2018,Rathbone Multi Asset Strategic Gr S Acc,1.582
01/07/2018,Rathbone Multi Asset Strategic Gr S Acc,1.582
01/08/2018,Rathbone Multi Asset Strategic Gr S Acc,1.5834
01/09/2018,Rathbone Multi Asset Strategic Gr S Acc,1.5858
01/10/2018,Rathbone Multi Asset Strategic Gr S Acc,1.587
01/11/2018,Rathbone Multi Asset Strategic Gr S Acc,1.5887
01/12/2018,Rathbone Multi Asset Strategic Gr S Acc,1.5904
01/13/2018,Rathbone Multi Asset Strategic Gr S Acc,1.5904
01/14/2018,Rathbone Multi Asset Strategic Gr S Acc,1.5904
01/15/2018,Rathbone Multi Asset Strategic Gr S Acc,1.5914
01/16/2018,Rathbone Multi Asset Strategic Gr S Acc,1.5914
01/17/2018,Rathbone Multi Asset Strategic Gr S Acc,1.5884
01/18/2018,Rathbone Multi Asset Strategic Gr S Acc,1.5868
01/19/2018,Rathbone Multi Asset Strategic Gr S Acc,1.5871
01/20/2018,Rathbone Multi Asset Strategic Gr S Acc,1.5871
01/21/2018,Rathbone Multi Asset Strategic Gr S Acc,1.5871
01/22/2018,Rathbone Multi Asset Strategic Gr S Acc,1.5903
01/23/2018,Rathbone Multi Asset Strategic Gr S Acc,1.5928
01/24/2018,Rathbone Multi Asset Strategic Gr S Acc,1.594
01/25/2018,Rathbone Multi Asset Strategic Gr S Acc,1.5904
01/26/2018,Rathbone Multi Asset Strategic Gr S Acc,1.5903
01/27/2018,Rathbone Multi Asset Strategic Gr S Acc,1.5903
01/28/2018,Rathbone Multi Asset Strategic Gr S Acc,1.5903
01/29/2018,Rathbone Multi Asset Strategic Gr S Acc,1.5946
01/30/2018,Rathbone Multi Asset Strategic Gr S Acc,1.5933
01/31/2018,Rathbone Multi Asset Strategic Gr S Acc,1.5869
02/01/2018,Rathbone Multi Asset Strategic Gr S Acc,1.5832
02/02/2018,Rathbone Multi Asset Strategic Gr S Acc,1.5795
02/03/2018,Rathbone Multi Asset Strategic Gr S Acc,1.5795
02/04/2018,Rathbone Multi Asset Strategic Gr S Acc,1.5795
02/05/2018,Rathbone Multi Asset Strategic Gr S Acc,1.5672
02/06/2018,Rathbone Multi Asset Strategic Gr S Acc,1.5498
02/07/2018,Rathbone Multi Asset Strategic Gr S Acc,1.5482
02/08/2018,Rathbone Multi Asset Strategic Gr S Acc,1.5454
02/09/2018,Rathbone Multi Asset Strategic Gr S Acc,1.5324
02/10/2018,Rathbone Multi Asset Strategic Gr S Acc,1.5324
02/11/2018,Rathbone Multi Asset Strategic Gr S Acc,1.5324
02/12/2018,Rathbone Multi Asset Strategic Gr S Acc,1.533
02/13/2018,Rathbone Multi Asset Strategic Gr S Acc,1.5338
02/14/2018,Rathbone Multi Asset Strategic Gr S Acc,1.5386
02/15/2018,Rathbone Multi Asset Strategic Gr S Acc,1.5424
02/16/2018,Rathbone Multi Asset Strategic Gr S Acc,1.549
02/17/2018,Rathbone Multi Asset Strategic Gr S Acc,1.549
02/18/2018,Rathbone Multi Asset Strategic Gr S Acc,1.549
02/19/2018,Rathbone Multi Asset Strategic Gr S Acc,1.5534
02/20/2018,Rathbone Multi Asset Strategic Gr S Acc,1.5531
02/21/2018,Rathbone Multi Asset Strategic Gr S Acc,1.5545
02/22/2018,Rathbone Multi Asset Strategic Gr S Acc,1.554
02/23/2018,Rathbone Multi Asset Strategic Gr S Acc,1.5529
02/24/2018,Rathbone Multi Asset Strategic Gr S Acc,1.5529
02/25/2018,Rathbone Multi Asset Strategic Gr S Acc,1.5529
02/26/2018,Rathbone Multi Asset Strategic Gr S Acc,1.5567
02/27/2018,Rathbone Multi Asset Strategic Gr S Acc,1.56
02/28/2018,Rathbone Multi Asset Strategic Gr S Acc,1.5577
03/01/2018,Rathbone Multi Asset Strategic Gr S Acc,1.5509
03/02/2018,Rathbone Multi Asset Strategic Gr S Acc,1.5425
03/03/2018,Rathbone Multi Asset Strategic Gr S Acc,1.5425
03/04/2018,Rathbone Multi Asset Strategic Gr S Acc,1.5425
03/05/2018,Rathbone Multi Asset Strategic Gr S Acc,1.5401
03/06/2018,Rathbone Multi Asset Strategic Gr S Acc,1.5465
03/07/2018,Rathbone Multi Asset Strategic Gr S Acc,1.5479
03/08/2018,Rathbone Multi Asset Strategic Gr S Acc,1.5516
03/09/2018,Rathbone Multi Asset Strategic Gr S Acc,1.5579
03/10/2018,Rathbone Multi Asset Strategic Gr S Acc,1.5579
03/11/2018,Rathbone Multi Asset Strategic Gr S Acc,1.5579
03/12/2018,Rathbone Multi Asset Strategic Gr S Acc,1.5652
03/13/2018,Rathbone Multi Asset Strategic Gr S Acc,1.5654
03/14/2018,Rathbone Multi Asset Strategic Gr S Acc,1.5588
03/15/2018,Rathbone Multi Asset Strategic Gr S Acc,1.5558
03/16/2018,Rathbone Multi Asset Strategic Gr S Acc,1.5545
03/17/2018,Rathbone Multi Asset Strategic Gr S Acc,1.5545
03/18/2018,Rathbone Multi Asset Strategic Gr S Acc,1.5545
03/19/2018,Rathbone Multi Asset Strategic Gr S Acc,1.542
03/20/2018,Rathbone Multi Asset Strategic Gr S Acc,1.5407
03/21/2018,Rathbone Multi Asset Strategic Gr S Acc,1.539
03/22/2018,Rathbone Multi Asset Strategic Gr S Acc,1.5322
03/23/2018,Rathbone Multi Asset Strategic Gr S Acc,1.5232
03/24/2018,Rathbone Multi Asset Strategic Gr S Acc,1.5232
03/25/2018,Rathbone Multi Asset Strategic Gr S Acc,1.5232
03/26/2018,Rathbone Multi Asset Strategic Gr S Acc,1.5179
03/27/2018,Rathbone Multi Asset Strategic Gr S Acc,1.5253
03/28/2018,Rathbone Multi Asset Strategic Gr S Acc,1.5236
03/29/2018,Rathbone Multi Asset Strategic Gr S Acc,1.5275
03/30/2018,Rathbone Multi Asset Strategic Gr S Acc,1.5275
03/31/2018,Rathbone Multi Asset Strategic Gr S Acc,1.5275
04/01/2018,Rathbone Multi Asset Strategic Gr S Acc,1.5275
04/02/2018,Rathbone Multi Asset Strategic Gr S Acc,1.5275
04/03/2018,Rathbone Multi Asset Strategic Gr S Acc,1.5236
04/04/2018,Rathbone Multi Asset Strategic Gr S Acc,1.5216
04/05/2018,Rathbone Multi Asset Strategic Gr S Acc,1.529
04/06/2018,Rathbone Multi Asset Strategic Gr S Acc,1.5356
04/07/2018,Rathbone Multi Asset Strategic Gr S Acc,1.5356
04/08/2018,Rathbone Multi Asset Strategic Gr S Acc,1.5356
04/09/2018,Rathbone Multi Asset Strategic Gr S Acc,1.5335
04/10/2018,Rathbone Multi Asset Strategic Gr S Acc,1.536
04/11/2018,Rathbone Multi Asset Strategic Gr S Acc,1.5381
04/12/2018,Rathbone Multi Asset Strategic Gr S Acc,1.5384
04/13/2018,Rathbone Multi Asset Strategic Gr S Acc,1.5393
04/14/2018,Rathbone Multi Asset Strategic Gr S Acc,1.5393
04/15/2018,Rathbone Multi Asset Strategic Gr S Acc,1.5393
04/16/2018,Rathbone Multi Asset Strategic Gr S Acc,1.5359
04/17/2018,Rathbone Multi Asset Strategic Gr S Acc,1.536
04/18/2018,Rathbone Multi Asset Strategic Gr S Acc,1.5432
04/19/2018,Rathbone Multi Asset Strategic Gr S Acc,1.5475
04/20/2018,Rathbone Multi Asset Strategic Gr S Acc,1.5512
04/21/2018,Rathbone Multi Asset Strategic Gr S Acc,1.5512
04/22/2018,Rathbone Multi Asset Strategic Gr S Acc,1.5512
04/23/2018,Rathbone Multi Asset Strategic Gr S Acc,1.5518
04/24/2018,Rathbone Multi Asset Strategic Gr S Acc,1.5543
04/25/2018,Rathbone Multi Asset Strategic Gr S Acc,1.5471
04/26/2018,Rathbone Multi Asset Strategic Gr S Acc,1.5475
04/27/2018,Rathbone Multi Asset Strategic Gr S Acc,1.5572
04/28/2018,Rathbone Multi Asset Strategic Gr S Acc,1.5572
04/29/2018,Rathbone Multi Asset Strategic Gr S Acc,1.5572
04/30/2018,Rathbone Multi Asset Strategic Gr S Acc,1.5642
05/01/2018,Rathbone Multi Asset Strategic Gr S Acc,1.5649
05/02/2018,Rathbone Multi Asset Strategic Gr S Acc,1.5659
05/03/2018,Rathbone Multi Asset Strategic Gr S Acc,1.5662
05/04/2018,Rathbone Multi Asset Strategic Gr S Acc,1.5657
05/05/2018,Rathbone Multi Asset Strategic Gr S Acc,1.5657
05/06/2018,Rathbone Multi Asset Strategic Gr S Acc,1.5657
05/07/2018,Rathbone Multi Asset Strategic Gr S Acc,1.5657
05/08/2018,Rathbone Multi Asset Strategic Gr S Acc,1.573
05/09/2018,Rathbone Multi Asset Strategic Gr S Acc,1.5763
05/10/2018,Rathbone Multi Asset Strategic Gr S Acc,1.5804
05/11/2018,Rathbone Multi Asset Strategic Gr S Acc,1.5869
05/12/2018,Rathbone Multi Asset Strategic Gr S Acc,1.5869
05/13/2018,Rathbone Multi Asset Strategic Gr S Acc,1.5869
05/14/2018,Rathbone Multi Asset Strategic Gr S Acc,1.5883
05/15/2018,Rathbone Multi Asset Strategic Gr S Acc,1.5896
05/16/2018,Rathbone Multi Asset Strategic Gr S Acc,1.5898
05/17/2018,Rathbone Multi Asset Strategic Gr S Acc,1.5921
05/18/2018,Rathbone Multi Asset Strategic Gr S Acc,1.595
05/19/2018,Rathbone Multi Asset Strategic Gr S Acc,1.595
05/20/2018,Rathbone Multi Asset Strategic Gr S Acc,1.595
05/21/2018,Rathbone Multi Asset Strategic Gr S Acc,1.5995
05/22/2018,Rathbone Multi Asset Strategic Gr S Acc,1.6021
05/23/2018,Rathbone Multi Asset Strategic Gr S Acc,1.5992
05/24/2018,Rathbone Multi Asset Strategic Gr S Acc,1.5984
05/25/2018,Rathbone Multi Asset Strategic Gr S Acc,1.5971
05/26/2018,Rathbone Multi Asset Strategic Gr S Acc,1.5971
05/27/2018,Rathbone Multi Asset Strategic Gr S Acc,1.5971
05/28/2018,Rathbone Multi Asset Strategic Gr S Acc,1.5971
05/29/2018,Rathbone Multi Asset Strategic Gr S Acc,1.593
05/30/2018,Rathbone Multi Asset Strategic Gr S Acc,1.59
05/31/2018,Rathbone Multi Asset Strategic Gr S Acc,1.591
06/01/2018,Rathbone Multi Asset Strategic Gr S Acc,1.5933
06/02/2018,Rathbone Multi Asset Strategic Gr S Acc,1.5933
06/03/2018,Rathbone Multi Asset Strategic Gr S Acc,1.5933
06/04/2018,Rathbone Multi Asset Strategic Gr S Acc,1.5968
06/05/2018,Rathbone Multi Asset Strategic Gr S Acc,1.598
06/06/2018,Rathbone Multi Asset Strategic Gr S Acc,1.5996
06/07/2018,Rathbone Multi Asset Strategic Gr S Acc,1.6007
06/08/2018,Rathbone Multi Asset Strategic Gr S Acc,1.5963
06/09/2018,Rathbone Multi Asset Strategic Gr S Acc,1.5963
06/10/2018,Rathbone Multi Asset Strategic Gr S Acc,1.5963
06/11/2018,Rathbone Multi Asset Strategic Gr S Acc,1.602
06/12/2018,Rathbone Multi Asset Strategic Gr S Acc,1.6019
06/13/2018,Rathbone Multi Asset Strategic Gr S Acc,1.6056
06/14/2018,Rathbone Multi Asset Strategic Gr S Acc,1.5985
06/15/2018,Rathbone Multi Asset Strategic Gr S Acc,1.6049
06/16/2018,Rathbone Multi Asset Strategic Gr S Acc,1.6049
06/17/2018,Rathbone Multi Asset Strategic Gr S Acc,1.6049
06/18/2018,Rathbone Multi Asset Strategic Gr S Acc,1.5994
06/19/2018,Rathbone Multi Asset Strategic Gr S Acc,1.5966
06/20/2018,Rathbone Multi Asset Strategic Gr S Acc,1.6014
06/21/2018,Rathbone Multi Asset Strategic Gr S Acc,1.5996
06/22/2018,Rathbone Multi Asset Strategic Gr S Acc,1.5936
06/23/2018,Rathbone Multi Asset Strategic Gr S Acc,1.5936
06/24/2018,Rathbone Multi Asset Strategic Gr S Acc,1.5936
06/25/2018,Rathbone Multi Asset Strategic Gr S Acc,1.5926
06/26/2018,Rathbone Multi Asset Strategic Gr S Acc,1.5843
06/27/2018,Rathbone Multi Asset Strategic Gr S Acc,1.5848
06/28/2018,Rathbone Multi Asset Strategic Gr S Acc,1.5862
06/29/2018,Rathbone Multi Asset Strategic Gr S Acc,1.5915
06/30/2018,Rathbone Multi Asset Strategic Gr S Acc,1.5915
07/01/2018,Rathbone Multi Asset Strategic Gr S Acc,1.5915
07/02/2018,Rathbone Multi Asset Strategic Gr S Acc,1.5865
07/03/2018,Rathbone Multi Asset Strategic Gr S Acc,1.5845
07/04/2018,Rathbone Multi Asset Strategic Gr S Acc,1.5809
07/05/2018,Rathbone Multi Asset Strategic Gr S Acc,1.5818
07/06/2018,Rathbone Multi Asset Strategic Gr S Acc,1.583
07/07/2018,Rathbone Multi Asset Strategic Gr S Acc,1.583
07/08/2018,Rathbone Multi Asset Strategic Gr S Acc,1.583
07/09/2018,Rathbone Multi Asset Strategic Gr S Acc,1.5848
07/10/2018,Rathbone Multi Asset Strategic Gr S Acc,1.5954
07/11/2018,Rathbone Multi Asset Strategic Gr S Acc,1.5908
07/12/2018,Rathbone Multi Asset Strategic Gr S Acc,1.5914
07/13/2018,Rathbone Multi Asset Strategic Gr S Acc,1.6007
07/14/2018,Rathbone Multi Asset Strategic Gr S Acc,1.6007
07/15/2018,Rathbone Multi Asset Strategic Gr S Acc,1.6007
07/16/2018,Rathbone Multi Asset Strategic Gr S Acc,1.5962
07/17/2018,Rathbone Multi Asset Strategic Gr S Acc,1.5958
07/18/2018,Rathbone Multi Asset Strategic Gr S Acc,1.6051
07/19/2018,Rathbone Multi Asset Strategic Gr S Acc,1.6094
07/20/2018,Rathbone Multi Asset Strategic Gr S Acc,1.6073
07/21/2018,Rathbone Multi Asset Strategic Gr S Acc,1.6073
07/22/2018,Rathbone Multi Asset Strategic Gr S Acc,1.6073
07/23/2018,Rathbone Multi Asset Strategic Gr S Acc,1.6036
07/24/2018,Rathbone Multi Asset Strategic Gr S Acc,1.605
07/25/2018,Rathbone Multi Asset Strategic Gr S Acc,1.6033
07/26/2018,Rathbone Multi Asset Strategic Gr S Acc,1.606
07/27/2018,Rathbone Multi Asset Strategic Gr S Acc,1.6101
07/28/2018,Rathbone Multi Asset Strategic Gr S Acc,1.6101
07/29/2018,Rathbone Multi Asset Strategic Gr S Acc,1.6101
07/30/2018,Rathbone Multi Asset Strategic Gr S Acc,1.609
07/31/2018,Rathbone Multi Asset Strategic Gr S Acc,1.6024
08/01/2018,Rathbone Multi Asset Strategic Gr S Acc,1.5991
08/02/2018,Rathbone Multi Asset Strategic Gr S Acc,1.5953
08/03/2018,Rathbone Multi Asset Strategic Gr S Acc,1.6012
08/04/2018,Rathbone Multi Asset Strategic Gr S Acc,1.6012
08/05/2018,Rathbone Multi Asset Strategic Gr S Acc,1.6012
08/06/2018,Rathbone Multi Asset Strategic Gr S Acc,1.6065
08/07/2018,Rathbone Multi Asset Strategic Gr S Acc,1.6083
08/08/2018,Rathbone Multi Asset Strategic Gr S Acc,1.6152
08/09/2018,Rathbone Multi Asset Strategic Gr S Acc,1.6148
08/10/2018,Rathbone Multi Asset Strategic Gr S Acc,1.6191
08/11/2018,Rathbone Multi Asset Strategic Gr S Acc,1.6191
08/12/2018,Rathbone Multi Asset Strategic Gr S Acc,1.6191
08/13/2018,Rathbone Multi Asset Strategic Gr S Acc,1.6122
08/14/2018,Rathbone Multi Asset Strategic Gr S Acc,1.6103
08/15/2018,Rathbone Multi Asset Strategic Gr S Acc,1.6068
08/16/2018,Rathbone Multi Asset Strategic Gr S Acc,1.604
08/17/2018,Rathbone Multi Asset Strategic Gr S Acc,1.6082
08/18/2018,Rathbone Multi Asset Strategic Gr S Acc,1.6082
08/19/2018,Rathbone Multi Asset Strategic Gr S Acc,1.6082
08/20/2018,Rathbone Multi Asset Strategic Gr S Acc,1.6107
08/21/2018,Rathbone Multi Asset Strategic Gr S Acc,1.6121
08/22/2018,Rathbone Multi Asset Strategic Gr S Acc,1.6124
08/23/2018,Rathbone Multi Asset Strategic Gr S Acc,1.6101
08/24/2018,Rathbone Multi Asset Strategic Gr S Acc,1.6116
08/25/2018,Rathbone Multi Asset Strategic Gr S Acc,1.6116
08/26/2018,Rathbone Multi Asset Strategic Gr S Acc,1.6116
08/27/2018,Rathbone Multi Asset Strategic Gr S Acc,1.6116
08/28/2018,Rathbone Multi Asset Strategic Gr S Acc,1.619
08/29/2018,Rathbone Multi Asset Strategic Gr S Acc,1.62
08/30/2018,Rathbone Multi Asset Strategic Gr S Acc,1.6145
08/31/2018,Rathbone Multi Asset Strategic Gr S Acc,1.6109
09/01/2018,Rathbone Multi Asset Strategic Gr S Acc,1.6109
09/02/2018,Rathbone Multi Asset Strategic Gr S Acc,1.6109
09/03/2018,Rathbone Multi Asset Strategic Gr S Acc,1.6144
09/04/2018,Rathbone Multi Asset Strategic Gr S Acc,1.6144
09/05/2018,Rathbone Multi Asset Strategic Gr S Acc,1.6104
09/06/2018,Rathbone Multi Asset Strategic Gr S Acc,1.6008
09/07/2018,Rathbone Multi Asset Strategic Gr S Acc,1.5905
09/08/2018,Rathbone Multi Asset Strategic Gr S Acc,1.5905
09/09/2018,Rathbone Multi Asset Strategic Gr S Acc,1.5905
09/10/2018,Rathbone Multi Asset Strategic Gr S Acc,1.5934
09/11/2018,Rathbone Multi Asset Strategic Gr S Acc,1.5895
09/12/2018,Rathbone Multi Asset Strategic Gr S Acc,1.5934
09/13/2018,Rathbone Multi Asset Strategic Gr S Acc,1.5916
09/14/2018,Rathbone Multi Asset Strategic Gr S Acc,1.5924
09/15/2018,Rathbone Multi Asset Strategic Gr S Acc,1.5924
09/16/2018,Rathbone Multi Asset Strategic Gr S Acc,1.5924
09/17/2018,Rathbone Multi Asset Strategic Gr S Acc,1.5917
09/18/2018,Rathbone Multi Asset Strategic Gr S Acc,1.5898
09/19/2018,Rathbone Multi Asset Strategic Gr S Acc,1.5886
09/20/2018,Rathbone Multi Asset Strategic Gr S Acc,1.5928
09/21/2018,Rathbone Multi Asset Strategic Gr S Acc,1.6013
09/22/2018,Rathbone Multi Asset Strategic Gr S Acc,1.6013
09/23/2018,Rathbone Multi Asset Strategic Gr S Acc,1.6013
09/24/2018,Rathbone Multi Asset Strategic Gr S Acc,1.6026
09/25/2018,Rathbone Multi Asset Strategic Gr S Acc,1.6017
09/26/2018,Rathbone Multi Asset Strategic Gr S Acc,1.6037
09/27/2018,Rathbone Multi Asset Strategic Gr S Acc,1.6044
09/28/2018,Rathbone Multi Asset Strategic Gr S Acc,1.6069
09/29/2018,Rathbone Multi Asset Strategic Gr S Acc,1.6069
09/30/2018,Rathbone Multi Asset Strategic Gr S Acc,1.6069
10/01/2018,Rathbone Multi Asset Strategic Gr S Acc,1.6103
10/02/2018,Rathbone Multi Asset Strategic Gr S Acc,1.6098
10/03/2018,Rathbone Multi Asset Strategic Gr S Acc,1.611
10/04/2018,Rathbone Multi Asset Strategic Gr S Acc,1.6038
10/05/2018,Rathbone Multi Asset Strategic Gr S Acc,1.5918
10/06/2018,Rathbone Multi Asset Strategic Gr S Acc,1.5918
10/07/2018,Rathbone Multi Asset Strategic Gr S Acc,1.5918
10/08/2018,Rathbone Multi Asset Strategic Gr S Acc,1.58
10/09/2018,Rathbone Multi Asset Strategic Gr S Acc,1.573
10/10/2018,Rathbone Multi Asset Strategic Gr S Acc,1.563
10/11/2018,Rathbone Multi Asset Strategic Gr S Acc,1.536
10/12/2018,Rathbone Multi Asset Strategic Gr S Acc,1.5349
10/13/2018,Rathbone Multi Asset Strategic Gr S Acc,1.5349
10/14/2018,Rathbone Multi Asset Strategic Gr S Acc,1.5349
10/15/2018,Rathbone Multi Asset Strategic Gr S Acc,1.5344
10/16/2018,Rathbone Multi Asset Strategic Gr S Acc,1.5366
10/17/2018,Rathbone Multi Asset Strategic Gr S Acc,1.5459
10/18/2018,Rathbone Multi Asset Strategic Gr S Acc,1.546
10/19/2018,Rathbone Multi Asset Strategic Gr S Acc,1.5401
10/20/2018,Rathbone Multi Asset Strategic Gr S Acc,1.5401
10/21/2018,Rathbone Multi Asset Strategic Gr S Acc,1.5401
10/22/2018,Rathbone Multi Asset Strategic Gr S Acc,1.5458
10/23/2018,Rathbone Multi Asset Strategic Gr S Acc,1.536
10/24/2018,Rathbone Multi Asset Strategic Gr S Acc,1.5353
10/25/2018,Rathbone Multi Asset Strategic Gr S Acc,1.5267
10/26/2018,Rathbone Multi Asset Strategic Gr S Acc,1.5267
10/27/2018,Rathbone Multi Asset Strategic Gr S Acc,1.5267
10/28/2018,Rathbone Multi Asset Strategic Gr S Acc,1.5267
10/29/2018,Rathbone Multi Asset Strategic Gr S Acc,1.5314
10/30/2018,Rathbone Multi Asset Strategic Gr S Acc,1.529
10/31/2018,Rathbone Multi Asset Strategic Gr S Acc,1.5365
11/01/2018,Rathbone Multi Asset Strategic Gr S Acc,1.5429
11/02/2018,Rathbone Multi Asset Strategic Gr S Acc,1.5469
11/03/2018,Rathbone Multi Asset Strategic Gr S Acc,1.5469
11/04/2018,Rathbone Multi Asset Strategic Gr S Acc,1.5469
11/05/2018,Rathbone Multi Asset Strategic Gr S Acc,1.5447
11/06/2018,Rathbone Multi Asset Strategic Gr S Acc,1.5376
11/07/2018,Rathbone Multi Asset Strategic Gr S Acc,1.5404
11/08/2018,Rathbone Multi Asset Strategic Gr S Acc,1.5465
11/09/2018,Rathbone Multi Asset Strategic Gr S Acc,1.5469
11/10/2018,Rathbone Multi Asset Strategic Gr S Acc,1.5469
11/11/2018,Rathbone Multi Asset Strategic Gr S Acc,1.5469
11/12/2018,Rathbone Multi Asset Strategic Gr S Acc,1.549
11/13/2018,Rathbone Multi Asset Strategic Gr S Acc,1.5438
11/14/2018,Rathbone Multi Asset Strategic Gr S Acc,1.5406
11/15/2018,Rathbone Multi Asset Strategic Gr S Acc,1.5441
11/16/2018,Rathbone Multi Asset Strategic Gr S Acc,1.5467
11/17/2018,Rathbone Multi Asset Strategic Gr S Acc,1.5467
11/18/2018,Rathbone Multi Asset Strategic Gr S Acc,1.5467
11/19/2018,Rathbone Multi Asset Strategic Gr S Acc,1.5489
11/20/2018,Rathbone Multi Asset Strategic Gr S Acc,1.5364
11/21/2018,Rathbone Multi Asset Strategic Gr S Acc,1.5309
11/22/2018,Rathbone Multi Asset Strategic Gr S Acc,1.5303
11/23/2018,Rathbone Multi Asset Strategic Gr S Acc,1.5283
11/24/2018,Rathbone Multi Asset Strategic Gr S Acc,1.5283
11/25/2018,Rathbone Multi Asset Strategic Gr S Acc,1.5283
11/26/2018,Rathbone Multi Asset Strategic Gr S Acc,1.5325
11/27/2018,Rathbone Multi Asset Strategic Gr S Acc,1.5424
11/28/2018,Rathbone Multi Asset Strategic Gr S Acc,1.5392
11/29/2018,Rathbone Multi Asset Strategic Gr S Acc,1.5481
11/30/2018,Rathbone Multi Asset Strategic Gr S Acc,1.5492
12/01/2018,Rathbone Multi Asset Strategic Gr S Acc,1.5492
12/02/2018,Rathbone Multi Asset Strategic Gr S Acc,1.5492
12/03/2018,Rathbone Multi Asset Strategic Gr S Acc,1.559
12/04/2018,Rathbone Multi Asset Strategic Gr S Acc,1.5603
12/05/2018,Rathbone Multi Asset Strategic Gr S Acc,1.5471
12/06/2018,Rathbone Multi Asset Strategic Gr S Acc,1.5317
12/07/2018,Rathbone Multi Asset Strategic Gr S Acc,1.5287
12/08/2018,Rathbone Multi Asset Strategic Gr S Acc,1.5287
12/09/2018,Rathbone Multi Asset Strategic Gr S Acc,1.5287
12/10/2018,Rathbone Multi Asset Strategic Gr S Acc,1.5265
12/11/2018,Rathbone Multi Asset Strategic Gr S Acc,1.5266
12/12/2018,Rathbone Multi Asset Strategic Gr S Acc,1.534
12/13/2018,Rathbone Multi Asset Strategic Gr S Acc,1.5329
12/14/2018,Rathbone Multi Asset Strategic Gr S Acc,1.5304
12/15/2018,Rathbone Multi Asset Strategic Gr S Acc,1.5304
12/16/2018,Rathbone Multi Asset Strategic Gr S Acc,1.5304
12/17/2018,Rathbone Multi Asset Strategic Gr S Acc,1.5234
12/18/2018,Rathbone Multi Asset Strategic Gr S Acc,1.5144
12/19/2018,Rathbone Multi Asset Strategic Gr S Acc,1.5108
12/20/2018,Rathbone Multi Asset Strategic Gr S Acc,1.506
12/21/2018,Rathbone Multi Asset Strategic Gr S Acc,1.5013
12/22/2018,Rathbone Multi Asset Strategic Gr S Acc,1.5013
12/23/2018,Rathbone Multi Asset Strategic Gr S Acc,1.5013
12/24/2018,Rathbone Multi Asset Strategic Gr S Acc,1.4984
12/25/2018,Rathbone Multi Asset Strategic Gr S Acc,1.4984
12/26/2018,Rathbone Multi Asset Strategic Gr S Acc,1.4984
12/27/2018,Rathbone Multi Asset Strategic Gr S Acc,1.4949
12/28/2018,Rathbone Multi Asset Strategic Gr S Acc,1.4993
12/29/2018,Rathbone Multi Asset Strategic Gr S Acc,1.4993
12/30/2018,Rathbone Multi Asset Strategic Gr S Acc,1.4993
12/31/2018,Rathbone Multi Asset Strategic Gr S Acc,1.5019
01/01/2019,Rathbone Multi Asset Strategic Gr S Acc,1.5019
01/02/2019,Rathbone Multi Asset Strategic Gr S Acc,1.5034
01/03/2019,Rathbone Multi Asset Strategic Gr S Acc,1.5045
01/04/2019,Rathbone Multi Asset Strategic Gr S Acc,1.5055
01/05/2019,Rathbone Multi Asset Strategic Gr S Acc,1.5055
01/06/2019,Rathbone Multi Asset Strategic Gr S Acc,1.5055
01/07/2019,Rathbone Multi Asset Strategic Gr S Acc,1.5189
01/08/2019,Rathbone Multi Asset Strategic Gr S Acc,1.5293
01/09/2019,Rathbone Multi Asset Strategic Gr S Acc,1.5392
01/10/2019,Rathbone Multi Asset Strategic Gr S Acc,1.5415
01/11/2019,Rathbone Multi Asset Strategic Gr S Acc,1.5419
01/12/2019,Rathbone Multi Asset Strategic Gr S Acc,1.5419
01/13/2019,Rathbone Multi Asset Strategic Gr S Acc,1.5419
01/14/2019,Rathbone Multi Asset Strategic Gr S Acc,1.5343
01/15/2019,Rathbone Multi Asset Strategic Gr S Acc,1.5349
01/16/2019,Rathbone Multi Asset Strategic Gr S Acc,1.5409
01/17/2019,Rathbone Multi Asset Strategic Gr S Acc,1.5394
01/18/2019,Rathbone Multi Asset Strategic Gr S Acc,1.5463
01/19/2019,Rathbone Multi Asset Strategic Gr S Acc,1.5463
01/20/2019,Rathbone Multi Asset Strategic Gr S Acc,1.5463
01/21/2019,Rathbone Multi Asset Strategic Gr S Acc,1.5569
01/22/2019,Rathbone Multi Asset Strategic Gr S Acc,1.555
01/23/2019,Rathbone Multi Asset Strategic Gr S Acc,1.5431
01/24/2019,Rathbone Multi Asset Strategic Gr S Acc,1.5413
01/25/2019,Rathbone Multi Asset Strategic Gr S Acc,1.541
01/26/2019,Rathbone Multi Asset Strategic Gr S Acc,1.541
01/27/2019,Rathbone Multi Asset Strategic Gr S Acc,1.541
01/28/2019,Rathbone Multi Asset Strategic Gr S Acc,1.5408
01/29/2019,Rathbone Multi Asset Strategic Gr S Acc,1.5404
01/30/2019,Rathbone Multi Asset Strategic Gr S Acc,1.5436
01/31/2019,Rathbone Multi Asset Strategic Gr S Acc,1.5514
02/01/2019,Rathbone Multi Asset Strategic Gr S Acc,1.5583
02/02/2019,Rathbone Multi Asset Strategic Gr S Acc,1.5583
02/03/2019,Rathbone Multi Asset Strategic Gr S Acc,1.5583
02/04/2019,Rathbone Multi Asset Strategic Gr S Acc,1.563
02/05/2019,Rathbone Multi Asset Strategic Gr S Acc,1.5727
02/06/2019,Rathbone Multi Asset Strategic Gr S Acc,1.5819
02/07/2019,Rathbone Multi Asset Strategic Gr S Acc,1.5818
02/08/2019,Rathbone Multi Asset Strategic Gr S Acc,1.5733
02/09/2019,Rathbone Multi Asset Strategic Gr S Acc,1.5733
02/10/2019,Rathbone Multi Asset Strategic Gr S Acc,1.5733
02/11/2019,Rathbone Multi Asset Strategic Gr S Acc,1.5736
02/12/2019,Rathbone Multi Asset Strategic Gr S Acc,1.5779
02/13/2019,Rathbone Multi Asset Strategic Gr S Acc,1.5847
02/14/2019,Rathbone Multi Asset Strategic Gr S Acc,1.5952
02/15/2019,Rathbone Multi Asset Strategic Gr S Acc,1.593
02/16/2019,Rathbone Multi Asset Strategic Gr S Acc,1.593
02/17/2019,Rathbone Multi Asset Strategic Gr S Acc,1.593
02/18/2019,Rathbone Multi Asset Strategic Gr S Acc,1.5952
02/19/2019,Rathbone Multi Asset Strategic Gr S Acc,1.5936
02/20/2019,Rathbone Multi Asset Strategic Gr S Acc,1.5945
02/21/2019,Rathbone Multi Asset Strategic Gr S Acc,1.5971
02/22/2019,Rathbone Multi Asset Strategic Gr S Acc,1.598
02/23/2019,Rathbone Multi Asset Strategic Gr S Acc,1.598
02/24/2019,Rathbone Multi Asset Strategic Gr S Acc,1.598
02/25/2019,Rathbone Multi Asset Strategic Gr S Acc,1.597
02/26/2019,Rathbone Multi Asset Strategic Gr S Acc,1.5916
02/27/2019,Rathbone Multi Asset Strategic Gr S Acc,1.5873
02/28/2019,Rathbone Multi Asset Strategic Gr S Acc,1.5885
03/01/2019,Rathbone Multi Asset Strategic Gr S Acc,1.5935
03/02/2019,Rathbone Multi Asset Strategic Gr S Acc,1.5935
03/03/2019,Rathbone Multi Asset Strategic Gr S Acc,1.5935
03/04/2019,Rathbone Multi Asset Strategic Gr S Acc,1.5981
03/05/2019,Rathbone Multi Asset Strategic Gr S Acc,1.5981
03/06/2019,Rathbone Multi Asset Strategic Gr S Acc,1.5998
03/07/2019,Rathbone Multi Asset Strategic Gr S Acc,1.595
03/08/2019,Rathbone Multi Asset Strategic Gr S Acc,1.5901
03/09/2019,Rathbone Multi Asset Strategic Gr S Acc,1.5901
03/10/2019,Rathbone Multi Asset Strategic Gr S Acc,1.5901
03/11/2019,Rathbone Multi Asset Strategic Gr S Acc,1.5918
03/12/2019,Rathbone Multi Asset Strategic Gr S Acc,1.5975
03/13/2019,Rathbone Multi Asset Strategic Gr S Acc,1.6008
03/14/2019,Rathbone Multi Asset Strategic Gr S Acc,1.6017
03/15/2019,Rathbone Multi Asset Strategic Gr S Acc,1.6045
03/16/2019,Rathbone Multi Asset Strategic Gr S Acc,1.6045
03/17/2019,Rathbone Multi Asset Strategic Gr S Acc,1.6045
03/18/2019,Rathbone Multi Asset Strategic Gr S Acc,1.6093
03/19/2019,Rathbone Multi Asset Strategic Gr S Acc,1.6168
03/20/2019,Rathbone Multi Asset Strategic Gr S Acc,1.617
03/21/2019,Rathbone Multi Asset Strategic Gr S Acc,1.6177
03/22/2019,Rathbone Multi Asset Strategic Gr S Acc,1.6195
03/23/2019,Rathbone Multi Asset Strategic Gr S Acc,1.6195
03/24/2019,Rathbone Multi Asset Strategic Gr S Acc,1.6195
03/25/2019,Rathbone Multi Asset Strategic Gr S Acc,1.6084
03/26/2019,Rathbone Multi Asset Strategic Gr S Acc,1.6057
03/27/2019,Rathbone Multi Asset Strategic Gr S Acc,1.611
03/28/2019,Rathbone Multi Asset Strategic Gr S Acc,1.6149
03/29/2019,Rathbone Multi Asset Strategic Gr S Acc,1.6167
03/30/2019,Rathbone Multi Asset Strategic Gr S Acc,1.6167
03/31/2019,Rathbone Multi Asset Strategic Gr S Acc,1.6167
04/01/2019,Rathbone Multi Asset Strategic Gr S Acc,1.623
04/02/2019,Rathbone Multi Asset Strategic Gr S Acc,1.6311
04/03/2019,Rathbone Multi Asset Strategic Gr S Acc,1.632
04/04/2019,Rathbone Multi Asset Strategic Gr S Acc,1.6343
04/05/2019,Rathbone Multi Asset Strategic Gr S Acc,1.6373
04/06/2019,Rathbone Multi Asset Strategic Gr S Acc,1.6373
04/07/2019,Rathbone Multi Asset Strategic Gr S Acc,1.6373
04/08/2019,Rathbone Multi Asset Strategic Gr S Acc,1.6422
04/09/2019,Rathbone Multi Asset Strategic Gr S Acc,1.6435
04/10/2019,Rathbone Multi Asset Strategic Gr S Acc,1.6411
04/11/2019,Rathbone Multi Asset Strategic Gr S Acc,1.6424
04/12/2019,Rathbone Multi Asset Strategic Gr S Acc,1.6435
04/13/2019,Rathbone Multi Asset Strategic Gr S Acc,1.6435
04/14/2019,Rathbone Multi Asset Strategic Gr S Acc,1.6435
04/15/2019,Rathbone Multi Asset Strategic Gr S Acc,1.6445
04/16/2019,Rathbone Multi Asset Strategic Gr S Acc,1.6472
04/17/2019,Rathbone Multi Asset Strategic Gr S Acc,1.6484
04/18/2019,Rathbone Multi Asset Strategic Gr S Acc,1.6498
04/19/2019,Rathbone Multi Asset Strategic Gr S Acc,1.6498
04/20/2019,Rathbone Multi Asset Strategic Gr S Acc,1.6498
04/21/2019,Rathbone Multi Asset Strategic Gr S Acc,1.6498
04/22/2019,Rathbone Multi Asset Strategic Gr S Acc,1.6498
04/23/2019,Rathbone Multi Asset Strategic Gr S Acc,1.6502
04/24/2019,Rathbone Multi Asset Strategic Gr S Acc,1.6606
04/25/2019,Rathbone Multi Asset Strategic Gr S Acc,1.6601
04/26/2019,Rathbone Multi Asset Strategic Gr S Acc,1.6583
04/27/2019,Rathbone Multi Asset Strategic Gr S Acc,1.6583
04/28/2019,Rathbone Multi Asset Strategic Gr S Acc,1.6583
04/29/2019,Rathbone Multi Asset Strategic Gr S Acc,1.6612
04/30/2019,Rathbone Multi Asset Strategic Gr S Acc,1.6615
05/01/2019,Rathbone Multi Asset Strategic Gr S Acc,1.6594
05/02/2019,Rathbone Multi Asset Strategic Gr S Acc,1.655
05/03/2019,Rathbone Multi Asset Strategic Gr S Acc,1.6556
05/04/2019,Rathbone Multi Asset Strategic Gr S Acc,1.6556
05/05/2019,Rathbone Multi Asset Strategic Gr S Acc,1.6556
05/06/2019,Rathbone Multi Asset Strategic Gr S Acc,1.6556
05/07/2019,Rathbone Multi Asset Strategic Gr S Acc,1.65
05/08/2019,Rathbone Multi Asset Strategic Gr S Acc,1.6433
05/09/2019,Rathbone Multi Asset Strategic Gr S Acc,1.6405
05/10/2019,Rathbone Multi Asset Strategic Gr S Acc,1.6375
05/11/2019,Rathbone Multi Asset Strategic Gr S Acc,1.6375
05/12/2019,Rathbone Multi Asset Strategic Gr S Acc,1.6375
05/13/2019,Rathbone Multi Asset Strategic Gr S Acc,1.6346
05/14/2019,Rathbone Multi Asset Strategic Gr S Acc,1.6296
05/15/2019,Rathbone Multi Asset Strategic Gr S Acc,1.6331
05/16/2019,Rathbone Multi Asset Strategic Gr S Acc,1.6455
05/17/2019,Rathbone Multi Asset Strategic Gr S Acc,1.6516
05/18/2019,Rathbone Multi Asset Strategic Gr S Acc,1.6516
05/19/2019,Rathbone Multi Asset Strategic Gr S Acc,1.6516
05/20/2019,Rathbone Multi Asset Strategic Gr S Acc,1.6472
05/21/2019,Rathbone Multi Asset Strategic Gr S Acc,1.6497
05/22/2019,Rathbone Multi Asset Strategic Gr S Acc,1.6514
05/23/2019,Rathbone Multi Asset Strategic Gr S Acc,1.6437
05/24/2019,Rathbone Multi Asset Strategic Gr S Acc,1.6414
05/25/2019,Rathbone Multi Asset Strategic Gr S Acc,1.6414
05/26/2019,Rathbone Multi Asset Strategic Gr S Acc,1.6414
05/27/2019,Rathbone Multi Asset Strategic Gr S Acc,1.6414
05/28/2019,Rathbone Multi Asset Strategic Gr S Acc,1.6429
05/29/2019,Rathbone Multi Asset Strategic Gr S Acc,1.6384
05/30/2019,Rathbone Multi Asset Strategic Gr S Acc,1.635
05/31/2019,Rathbone Multi Asset Strategic Gr S Acc,1.6331
06/01/2019,Rathbone Multi Asset Strategic Gr S Acc,1.6331
06/02/2019,Rathbone Multi Asset Strategic Gr S Acc,1.6331
06/03/2019,Rathbone Multi Asset Strategic Gr S Acc,1.626
06/04/2019,Rathbone Multi Asset Strategic Gr S Acc,1.627
06/05/2019,Rathbone Multi Asset Strategic Gr S Acc,1.635
06/06/2019,Rathbone Multi Asset Strategic Gr S Acc,1.6393
06/07/2019,Rathbone Multi Asset Strategic Gr S Acc,1.6431
06/08/2019,Rathbone Multi Asset Strategic Gr S Acc,1.6431
06/09/2019,Rathbone Multi Asset Strategic Gr S Acc,1.6431
06/10/2019,Rathbone Multi Asset Strategic Gr S Acc,1.6478
06/11/2019,Rathbone Multi Asset Strategic Gr S Acc,1.6553
06/12/2019,Rathbone Multi Asset Strategic Gr S Acc,1.6539
06/13/2019,Rathbone Multi Asset Strategic Gr S Acc,1.6577
06/14/2019,Rathbone Multi Asset Strategic Gr S Acc,1.6548
06/15/2019,Rathbone Multi Asset Strategic Gr S Acc,1.6548
06/16/2019,Rathbone Multi Asset Strategic Gr S Acc,1.6548
06/17/2019,Rathbone Multi Asset Strategic Gr S Acc,1.656
06/18/2019,Rathbone Multi Asset Strategic Gr S Acc,1.6601
06/19/2019,Rathbone Multi Asset Strategic Gr S Acc,1.6633
06/20/2019,Rathbone Multi Asset Strategic Gr S Acc,1.6688
06/21/2019,Rathbone Multi Asset Strategic Gr S Acc,1.6755
06/22/2019,Rathbone Multi Asset Strategic Gr S Acc,1.6755
06/23/2019,Rathbone Multi Asset Strategic Gr S Acc,1.6755
06/24/2019,Rathbone Multi Asset Strategic Gr S Acc,1.6727
06/25/2019,Rathbone Multi Asset Strategic Gr S Acc,1.6719
06/26/2019,Rathbone Multi Asset Strategic Gr S Acc,1.6695
06/27/2019,Rathbone Multi Asset Strategic Gr S Acc,1.6648
06/28/2019,Rathbone Multi Asset Strategic Gr S Acc,1.6697
06/29/2019,Rathbone Multi Asset Strategic Gr S Acc,1.6697
06/30/2019,Rathbone Multi Asset Strategic Gr S Acc,1.6697
07/01/2019,Rathbone Multi Asset Strategic Gr S Acc,1.6785
07/02/2019,Rathbone Multi Asset Strategic Gr S Acc,1.6851
07/03/2019,Rathbone Multi Asset Strategic Gr S Acc,1.6966
07/04/2019,Rathbone Multi Asset Strategic Gr S Acc,1.6981
07/05/2019,Rathbone Multi Asset Strategic Gr S Acc,1.6969
07/06/2019,Rathbone Multi Asset Strategic Gr S Acc,1.6969
07/07/2019,Rathbone Multi Asset Strategic Gr S Acc,1.6969
07/08/2019,Rathbone Multi Asset Strategic Gr S Acc,1.6921
07/09/2019,Rathbone Multi Asset Strategic Gr S Acc,1.6874
07/10/2019,Rathbone Multi Asset Strategic Gr S Acc,1.6842
07/11/2019,Rathbone Multi Asset Strategic Gr S Acc,1.6855
07/12/2019,Rathbone Multi Asset Strategic Gr S Acc,1.6856
07/13/2019,Rathbone Multi Asset Strategic Gr S Acc,1.6856
07/14/2019,Rathbone Multi Asset Strategic Gr S Acc,1.6856
07/15/2019,Rathbone Multi Asset Strategic Gr S Acc,1.6875
07/16/2019,Rathbone Multi Asset Strategic Gr S Acc,1.6918
07/17/2019,Rathbone Multi Asset Strategic Gr S Acc,1.6925
07/18/2019,Rathbone Multi Asset Strategic Gr S Acc,1.6883
07/19/2019,Rathbone Multi Asset Strategic Gr S Acc,1.6864
07/20/2019,Rathbone Multi Asset Strategic Gr S Acc,1.6864
07/21/2019,Rathbone Multi Asset Strategic Gr S Acc,1.6864
07/22/2019,Rathbone Multi Asset Strategic Gr S Acc,1.6895
07/23/2019,Rathbone Multi Asset Strategic Gr S Acc,1.6894
07/24/2019,Rathbone Multi Asset Strategic Gr S Acc,1.6917
07/25/2019,Rathbone Multi Asset Strategic Gr S Acc,1.6968
07/26/2019,Rathbone Multi Asset Strategic Gr S Acc,1.6983
07/27/2019,Rathbone Multi Asset Strategic Gr S Acc,1.6983
07/28/2019,Rathbone Multi Asset Strategic Gr S Acc,1.6983
07/29/2019,Rathbone Multi Asset Strategic Gr S Acc,1.7104
07/30/2019,Rathbone Multi Asset Strategic Gr S Acc,1.7165
07/31/2019,Rathbone Multi Asset Strategic Gr S Acc,1.7115
08/01/2019,Rathbone Multi Asset Strategic Gr S Acc,1.7088
08/02/2019,Rathbone Multi Asset Strategic Gr S Acc,1.7001
08/03/2019,Rathbone Multi Asset Strategic Gr S Acc,1.7001
08/04/2019,Rathbone Multi Asset Strategic Gr S Acc,1.7001
08/05/2019,Rathbone Multi Asset Strategic Gr S Acc,1.6795
08/06/2019,Rathbone Multi Asset Strategic Gr S Acc,1.6693
08/07/2019,Rathbone Multi Asset Strategic Gr S Acc,1.6744
08/08/2019,Rathbone Multi Asset Strategic Gr S Acc,1.6788
08/09/2019,Rathbone Multi Asset Strategic Gr S Acc,1.6881
08/10/2019,Rathbone Multi Asset Strategic Gr S Acc,1.6881
08/11/2019,Rathbone Multi Asset Strategic Gr S Acc,1.6881
08/12/2019,Rathbone Multi Asset Strategic Gr S Acc,1.6843
08/13/2019,Rathbone Multi Asset Strategic Gr S Acc,1.679
08/14/2019,Rathbone Multi Asset Strategic Gr S Acc,1.678
08/15/2019,Rathbone Multi Asset Strategic Gr S Acc,1.6619
08/16/2019,Rathbone Multi Asset Strategic Gr S Acc,1.666
08/17/2019,Rathbone Multi Asset Strategic Gr S Acc,1.666
08/18/2019,Rathbone Multi Asset Strategic Gr S Acc,1.666
08/19/2019,Rathbone Multi Asset Strategic Gr S Acc,1.6772
08/20/2019,Rathbone Multi Asset Strategic Gr S Acc,1.6855
08/21/2019,Rathbone Multi Asset Strategic Gr S Acc,1.6853
08/22/2019,Rathbone Multi Asset Strategic Gr S Acc,1.6842
08/23/2019,Rathbone Multi Asset Strategic Gr S Acc,1.6829
08/24/2019,Rathbone Multi Asset Strategic Gr S Acc,1.6829
08/25/2019,Rathbone Multi Asset Strategic Gr S Acc,1.6829
08/26/2019,Rathbone Multi Asset Strategic Gr S Acc,1.6829
08/27/2019,Rathbone Multi Asset Strategic Gr S Acc,1.6732
08/28/2019,Rathbone Multi Asset Strategic Gr S Acc,1.6742
08/29/2019,Rathbone Multi Asset Strategic Gr S Acc,1.6789
08/30/2019,Rathbone Multi Asset Strategic Gr S Acc,1.6845
08/31/2019,Rathbone Multi Asset Strategic Gr S Acc,1.6845
09/01/2019,Rathbone Multi Asset Strategic Gr S Acc,1.6845
09/02/2019,Rathbone Multi Asset Strategic Gr S Acc,1.6851
09/03/2019,Rathbone Multi Asset Strategic Gr S Acc,1.6851
09/04/2019,Rathbone Multi Asset Strategic Gr S Acc,1.6844
09/05/2019,Rathbone Multi Asset Strategic Gr S Acc,1.6868
09/06/2019,Rathbone Multi Asset Strategic Gr S Acc,1.6927
09/07/2019,Rathbone Multi Asset Strategic Gr S Acc,1.6927
09/08/2019,Rathbone Multi Asset Strategic Gr S Acc,1.6927
09/09/2019,Rathbone Multi Asset Strategic Gr S Acc,1.6916
09/10/2019,Rathbone Multi Asset Strategic Gr S Acc,1.6858
09/11/2019,Rathbone Multi Asset Strategic Gr S Acc,1.692
09/12/2019,Rathbone Multi Asset Strategic Gr S Acc,1.6951
09/13/2019,Rathbone Multi Asset Strategic Gr S Acc,1.6958
09/14/2019,Rathbone Multi Asset Strategic Gr S Acc,1.6958
09/15/2019,Rathbone Multi Asset Strategic Gr S Acc,1.6958
09/16/2019,Rathbone Multi Asset Strategic Gr S Acc,1.6943
09/17/2019,Rathbone Multi Asset Strategic Gr S Acc,1.6929
09/18/2019,Rathbone Multi Asset Strategic Gr S Acc,1.6942
09/19/2019,Rathbone Multi Asset Strategic Gr S Acc,1.6944
09/20/2019,Rathbone Multi Asset Strategic Gr S Acc,1.6956
09/21/2019,Rathbone Multi Asset Strategic Gr S Acc,1.6956
09/22/2019,Rathbone Multi Asset Strategic Gr S Acc,1.6956
09/23/2019,Rathbone Multi Asset Strategic Gr S Acc,1.693
09/24/2019,Rathbone Multi Asset Strategic Gr S Acc,1.6936
09/25/2019,Rathbone Multi Asset Strategic Gr S Acc,1.6853
09/26/2019,Rathbone Multi Asset Strategic Gr S Acc,1.6946
09/27/2019,Rathbone Multi Asset Strategic Gr S Acc,1.6981
09/28/2019,Rathbone Multi Asset Strategic Gr S Acc,1.6981
09/29/2019,Rathbone Multi Asset Strategic Gr S Acc,1.6981
09/30/2019,Rathbone Multi Asset Strategic Gr S Acc,1.6959
10/01/2019,Rathbone Multi Asset Strategic Gr S Acc,1.6954
10/02/2019,Rathbone Multi Asset Strategic Gr S Acc,1.6838
10/03/2019,Rathbone Multi Asset Strategic Gr S Acc,1.6697
10/04/2019,Rathbone Multi Asset Strategic Gr S Acc,1.6712
10/05/2019,Rathbone Multi Asset Strategic Gr S Acc,1.6712
10/06/2019,Rathbone Multi Asset Strategic Gr S Acc,1.6712
10/07/2019,Rathbone Multi Asset Strategic Gr S Acc,1.6798
10/08/2019,Rathbone Multi Asset Strategic Gr S Acc,1.6798
10/09/2019,Rathbone Multi Asset Strategic Gr S Acc,1.6764
10/10/2019,Rathbone Multi Asset Strategic Gr S Acc,1.6745
10/11/2019,Rathbone Multi Asset Strategic Gr S Acc,1.6736
10/12/2019,Rathbone Multi Asset Strategic Gr S Acc,1.6736
10/13/2019,Rathbone Multi Asset Strategic Gr S Acc,1.6736
10/14/2019,Rathbone Multi Asset Strategic Gr S Acc,1.676
10/15/2019,Rathbone Multi Asset Strategic Gr S Acc,1.6754
10/16/2019,Rathbone Multi Asset Strategic Gr S Acc,1.6776
10/17/2019,Rathbone Multi Asset Strategic Gr S Acc,1.6727
10/18/2019,Rathbone Multi Asset Strategic Gr S Acc,1.672
10/19/2019,Rathbone Multi Asset Strategic Gr S Acc,1.672
10/20/2019,Rathbone Multi Asset Strategic Gr S Acc,1.672
10/21/2019,Rathbone Multi Asset Strategic Gr S Acc,1.6637
10/22/2019,Rathbone Multi Asset Strategic Gr S Acc,1.6669
10/23/2019,Rathbone Multi Asset Strategic Gr S Acc,1.667
10/24/2019,Rathbone Multi Asset Strategic Gr S Acc,1.6734
10/25/2019,Rathbone Multi Asset Strategic Gr S Acc,1.6768
10/26/2019,Rathbone Multi Asset Strategic Gr S Acc,1.6768
10/27/2019,Rathbone Multi Asset Strategic Gr S Acc,1.6768
10/28/2019,Rathbone Multi Asset Strategic Gr S Acc,1.6817
10/29/2019,Rathbone Multi Asset Strategic Gr S Acc,1.6799
10/30/2019,Rathbone Multi Asset Strategic Gr S Acc,1.6802
10/31/2019,Rathbone Multi Asset Strategic Gr S Acc,1.6805
11/01/2019,Rathbone Multi Asset Strategic Gr S Acc,1.6797
11/02/2019,Rathbone Multi Asset Strategic Gr S Acc,1.6797
11/03/2019,Rathbone Multi Asset Strategic Gr S Acc,1.6797
11/04/2019,Rathbone Multi Asset Strategic Gr S Acc,1.6902
11/05/2019,Rathbone Multi Asset Strategic Gr S Acc,1.6928
11/06/2019,Rathbone Multi Asset Strategic Gr S Acc,1.6939
11/07/2019,Rathbone Multi Asset Strategic Gr S Acc,1.6979
11/08/2019,Rathbone Multi Asset Strategic Gr S Acc,1.6976
11/09/2019,Rathbone Multi Asset Strategic Gr S Acc,1.6976
11/10/2019,Rathbone Multi Asset Strategic Gr S Acc,1.6976
11/11/2019,Rathbone Multi Asset Strategic Gr S Acc,1.6911
11/12/2019,Rathbone Multi Asset Strategic Gr S Acc,1.6928
11/13/2019,Rathbone Multi Asset Strategic Gr S Acc,1.69
11/14/2019,Rathbone Multi Asset Strategic Gr S Acc,1.6893
11/15/2019,Rathbone Multi Asset Strategic Gr S Acc,1.6864
11/16/2019,Rathbone Multi Asset Strategic Gr S Acc,1.6864
11/17/2019,Rathbone Multi Asset Strategic Gr S Acc,1.6864
11/18/2019,Rathbone Multi Asset Strategic Gr S Acc,1.6916
11/19/2019,Rathbone Multi Asset Strategic Gr S Acc,1.6947
11/20/2019,Rathbone Multi Asset Strategic Gr S Acc,1.6902
11/21/2019,Rathbone Multi Asset Strategic Gr S Acc,1.6847
11/22/2019,Rathbone Multi Asset Strategic Gr S Acc,1.6905
11/23/2019,Rathbone Multi Asset Strategic Gr S Acc,1.6905
11/24/2019,Rathbone Multi Asset Strategic Gr S Acc,1.6905
11/25/2019,Rathbone Multi Asset Strategic Gr S Acc,1.6959
11/26/2019,Rathbone Multi Asset Strategic Gr S Acc,1.7016
11/27/2019,Rathbone Multi Asset Strategic Gr S Acc,1.7064
11/28/2019,Rathbone Multi Asset Strategic Gr S Acc,1.7069
11/29/2019,Rathbone Multi Asset Strategic Gr S Acc,1.706
11/30/2019,Rathbone Multi Asset Strategic Gr S Acc,1.706
12/01/2019,Rathbone Multi Asset Strategic Gr S Acc,1.706
12/02/2019,Rathbone Multi Asset Strategic Gr S Acc,1.701
12/03/2019,Rathbone Multi Asset Strategic Gr S Acc,1.69
12/04/2019,Rathbone Multi Asset Strategic Gr S Acc,1.6857
12/05/2019,Rathbone Multi Asset Strategic Gr S Acc,1.6875
12/06/2019,Rathbone Multi Asset Strategic Gr S Acc,1.6892
12/07/2019,Rathbone Multi Asset Strategic Gr S Acc,1.6892
12/08/2019,Rathbone Multi Asset Strategic Gr S Acc,1.6892
12/09/2019,Rathbone Multi Asset Strategic Gr S Acc,1.6923
12/10/2019,Rathbone Multi Asset Strategic Gr S Acc,1.6868
12/11/2019,Rathbone Multi Asset Strategic Gr S Acc,1.6899
12/12/2019,Rathbone Multi Asset Strategic Gr S Acc,1.695
12/13/2019,Rathbone Multi Asset Strategic Gr S Acc,1.7034
12/14/2019,Rathbone Multi Asset Strategic Gr S Acc,1.7034
12/15/2019,Rathbone Multi Asset Strategic Gr S Acc,1.7034
12/16/2019,Rathbone Multi Asset Strategic Gr S Acc,1.7106
12/17/2019,Rathbone Multi Asset Strategic Gr S Acc,1.7183
12/18/2019,Rathbone Multi Asset Strategic Gr S Acc,1.7239
12/19/2019,Rathbone Multi Asset Strategic Gr S Acc,1.7243
12/20/2019,Rathbone Multi Asset Strategic Gr S Acc,1.7297
12/21/2019,Rathbone Multi Asset Strategic Gr S Acc,1.7297
12/22/2019,Rathbone Multi Asset Strategic Gr S Acc,1.7297
12/23/2019,Rathbone Multi Asset Strategic Gr S Acc,1.7366
12/24/2019,Rathbone Multi Asset Strategic Gr S Acc,1.7389
12/25/2019,Rathbone Multi Asset Strategic Gr S Acc,1.7389
12/26/2019,Rathbone Multi Asset Strategic Gr S Acc,1.7389
12/27/2019,Rathbone Multi Asset Strategic Gr S Acc,1.7409
12/28/2019,Rathbone Multi Asset Strategic Gr S Acc,1.7409
12/29/2019,Rathbone Multi Asset Strategic Gr S Acc,1.7409
12/30/2019,Rathbone Multi Asset Strategic Gr S Acc,1.7372
12/31/2019,Rathbone Multi Asset Strategic Gr S Acc,1.731
01/01/2020,Rathbone Multi Asset Strategic Gr S Acc,1.731
01/02/2020,Rathbone Multi Asset Strategic Gr S Acc,1.7346
01/03/2020,Rathbone Multi Asset Strategic Gr S Acc,1.7371
01/04/2020,Rathbone Multi Asset Strategic Gr S Acc,1.7371
01/05/2020,Rathbone Multi Asset Strategic Gr S Acc,1.7371
01/06/2020,Rathbone Multi Asset Strategic Gr S Acc,1.7319
01/07/2020,Rathbone Multi Asset Strategic Gr S Acc,1.7357
01/08/2020,Rathbone Multi Asset Strategic Gr S Acc,1.7327
01/09/2020,Rathbone Multi Asset Strategic Gr S Acc,1.741
01/10/2020,Rathbone Multi Asset Strategic Gr S Acc,1.7423
01/11/2020,Rathbone Multi Asset Strategic Gr S Acc,1.7423
01/12/2020,Rathbone Multi Asset Strategic Gr S Acc,1.7423
01/13/2020,Rathbone Multi Asset Strategic Gr S Acc,1.7458
01/14/2020,Rathbone Multi Asset Strategic Gr S Acc,1.7475
01/15/2020,Rathbone Multi Asset Strategic Gr S Acc,1.7496
01/16/2020,Rathbone Multi Asset Strategic Gr S Acc,1.7473
01/17/2020,Rathbone Multi Asset Strategic Gr S Acc,1.7554
01/18/2020,Rathbone Multi Asset Strategic Gr S Acc,1.7554
01/19/2020,Rathbone Multi Asset Strategic Gr S Acc,1.7554
01/20/2020,Rathbone Multi Asset Strategic Gr S Acc,1.7544
01/21/2020,Rathbone Multi Asset Strategic Gr S Acc,1.7455
01/22/2020,Rathbone Multi Asset Strategic Gr S Acc,1.7482
01/23/2020,Rathbone Multi Asset Strategic Gr S Acc,1.7424
01/24/2020,Rathbone Multi Asset Strategic Gr S Acc,1.747
01/25/2020,Rathbone Multi Asset Strategic Gr S Acc,1.747
01/26/2020,Rathbone Multi Asset Strategic Gr S Acc,1.747
01/27/2020,Rathbone Multi Asset Strategic Gr S Acc,1.7281
01/28/2020,Rathbone Multi Asset Strategic Gr S Acc,1.7241
01/29/2020,Rathbone Multi Asset Strategic Gr S Acc,1.73
01/30/2020,Rathbone Multi Asset Strategic Gr S Acc,1.7218
01/31/2020,Rathbone Multi Asset Strategic Gr S Acc,1.7147
02/01/2020,Rathbone Multi Asset Strategic Gr S Acc,1.7147
02/02/2020,Rathbone Multi Asset Strategic Gr S Acc,1.7147
02/03/2020,Rathbone Multi Asset Strategic Gr S Acc,1.7097
02/04/2020,Rathbone Multi Asset Strategic Gr S Acc,1.7201
02/05/2020,Rathbone Multi Asset Strategic Gr S Acc,1.7282
02/06/2020,Rathbone Multi Asset Strategic Gr S Acc,1.7374
02/07/2020,Rathbone Multi Asset Strategic Gr S Acc,1.7364
02/08/2020,Rathbone Multi Asset Strategic Gr S Acc,1.7364
02/09/2020,Rathbone Multi Asset Strategic Gr S Acc,1.7364
02/10/2020,Rathbone Multi Asset Strategic Gr S Acc,1.734
02/11/2020,Rathbone Multi Asset Strategic Gr S Acc,1.7392
02/12/2020,Rathbone Multi Asset Strategic Gr S Acc,1.7409
02/13/2020,Rathbone Multi Asset Strategic Gr S Acc,1.7405
02/14/2020,Rathbone Multi Asset Strategic Gr S Acc,1.7421
02/15/2020,Rathbone Multi Asset Strategic Gr S Acc,1.7421
02/16/2020,Rathbone Multi Asset Strategic Gr S Acc,1.7421
02/17/2020,Rathbone Multi Asset Strategic Gr S Acc,1.7433
02/18/2020,Rathbone Multi Asset Strategic Gr S Acc,1.7383
02/19/2020,Rathbone Multi Asset Strategic Gr S Acc,1.7438
02/20/2020,Rathbone Multi Asset Strategic Gr S Acc,1.7512
02/21/2020,Rathbone Multi Asset Strategic Gr S Acc,1.745
02/22/2020,Rathbone Multi Asset Strategic Gr S Acc,1.745
02/23/2020,Rathbone Multi Asset Strategic Gr S Acc,1.745
02/24/2020,Rathbone Multi Asset Strategic Gr S Acc,1.7234
02/25/2020,Rathbone Multi Asset Strategic Gr S Acc,1.7045
02/26/2020,Rathbone Multi Asset Strategic Gr S Acc,1.6824
02/27/2020,Rathbone Multi Asset Strategic Gr S Acc,1.6785
02/28/2020,Rathbone Multi Asset Strategic Gr S Acc,1.6432
02/29/2020,Rathbone Multi Asset Strategic Gr S Acc,1.6432
03/01/2020,Rathbone Multi Asset Strategic Gr S Acc,1.6432
03/02/2020,Rathbone Multi Asset Strategic Gr S Acc,1.6374
03/03/2020,Rathbone Multi Asset Strategic Gr S Acc,1.6714
03/04/2020,Rathbone Multi Asset Strategic Gr S Acc,1.6707
03/05/2020,Rathbone Multi Asset Strategic Gr S Acc,1.6701
03/06/2020,Rathbone Multi Asset Strategic Gr S Acc,1.644
03/07/2020,Rathbone Multi Asset Strategic Gr S Acc,1.644
03/08/2020,Rathbone Multi Asset Strategic Gr S Acc,1.644
03/09/2020,Rathbone Multi Asset Strategic Gr S Acc,1.5856
03/10/2020,Rathbone Multi Asset Strategic Gr S Acc,1.586
03/11/2020,Rathbone Multi Asset Strategic Gr S Acc,1.5851
03/12/2020,Rathbone Multi Asset Strategic Gr S Acc,1.5277
03/13/2020,Rathbone Multi Asset Strategic Gr S Acc,1.532
03/14/2020,Rathbone Multi Asset Strategic Gr S Acc,1.532
03/15/2020,Rathbone Multi Asset Strategic Gr S Acc,1.532
03/16/2020,Rathbone Multi Asset Strategic Gr S Acc,1.4602
03/17/2020,Rathbone Multi Asset Strategic Gr S Acc,1.4612
03/18/2020,Rathbone Multi Asset Strategic Gr S Acc,1.4589
03/19/2020,Rathbone Multi Asset Strategic Gr S Acc,1.4687
03/20/2020,Rathbone Multi Asset Strategic Gr S Acc,1.488
03/21/2020,Rathbone Multi Asset Strategic Gr S Acc,1.488
03/22/2020,Rathbone Multi Asset Strategic Gr S Acc,1.488
03/23/2020,Rathbone Multi Asset Strategic Gr S Acc,1.4602
03/24/2020,Rathbone Multi Asset Strategic Gr S Acc,1.4738
03/25/2020,Rathbone Multi Asset Strategic Gr S Acc,1.5121
03/26/2020,Rathbone Multi Asset Strategic Gr S Acc,1.5168
03/27/2020,Rathbone Multi Asset Strategic Gr S Acc,1.5255
03/28/2020,Rathbone Multi Asset Strategic Gr S Acc,1.5255
03/29/2020,Rathbone Multi Asset Strategic Gr S Acc,1.5255
03/30/2020,Rathbone Multi Asset Strategic Gr S Acc,1.5066
03/31/2020,Rathbone Multi Asset Strategic Gr S Acc,1.5312
04/01/2020,Rathbone Multi Asset Strategic Gr S Acc,1.5142
04/02/2020,Rathbone Multi Asset Strategic Gr S Acc,1.5016
04/03/2020,Rathbone Multi Asset Strategic Gr S Acc,1.5067
04/04/2020,Rathbone Multi Asset Strategic Gr S Acc,1.5067
04/05/2020,Rathbone Multi Asset Strategic Gr S Acc,1.5067
04/06/2020,Rathbone Multi Asset Strategic Gr S Acc,1.5135
04/07/2020,Rathbone Multi Asset Strategic Gr S Acc,1.5566
04/08/2020,Rathbone Multi Asset Strategic Gr S Acc,1.5454
04/09/2020,Rathbone Multi Asset Strategic Gr S Acc,1.5625
04/10/2020,Rathbone Multi Asset Strategic Gr S Acc,1.5625
04/11/2020,Rathbone Multi Asset Strategic Gr S Acc,1.5625
04/12/2020,Rathbone Multi Asset Strategic Gr S Acc,1.5625
04/13/2020,Rathbone Multi Asset Strategic Gr S Acc,1.5625
04/14/2020,Rathbone Multi Asset Strategic Gr S Acc,1.5716
04/15/2020,Rathbone Multi Asset Strategic Gr S Acc,1.5725
04/16/2020,Rathbone Multi Asset Strategic Gr S Acc,1.5647
04/17/2020,Rathbone Multi Asset Strategic Gr S Acc,1.5852
04/18/2020,Rathbone Multi Asset Strategic Gr S Acc,1.5852
04/19/2020,Rathbone Multi Asset Strategic Gr S Acc,1.5852
04/20/2020,Rathbone Multi Asset Strategic Gr S Acc,1.5907
04/21/2020,Rathbone Multi Asset Strategic Gr S Acc,1.5854
04/22/2020,Rathbone Multi Asset Strategic Gr S Acc,1.5745
04/23/2020,Rathbone Multi Asset Strategic Gr S Acc,1.5861
04/24/2020,Rathbone Multi Asset Strategic Gr S Acc,1.5871
04/25/2020,Rathbone Multi Asset Strategic Gr S Acc,1.5871
04/26/2020,Rathbone Multi Asset Strategic Gr S Acc,1.5871
04/27/2020,Rathbone Multi Asset Strategic Gr S Acc,1.5918
04/28/2020,Rathbone Multi Asset Strategic Gr S Acc,1.6012
04/29/2020,Rathbone Multi Asset Strategic Gr S Acc,1.6096
04/30/2020,Rathbone Multi Asset Strategic Gr S Acc,1.6222
05/01/2020,Rathbone Multi Asset Strategic Gr S Acc,1.599
05/02/2020,Rathbone Multi Asset Strategic Gr S Acc,1.599
05/03/2020,Rathbone Multi Asset Strategic Gr S Acc,1.599
05/04/2020,Rathbone Multi Asset Strategic Gr S Acc,1.5878
05/05/2020,Rathbone Multi Asset Strategic Gr S Acc,1.5911
05/06/2020,Rathbone Multi Asset Strategic Gr S Acc,1.6032
05/07/2020,Rathbone Multi Asset Strategic Gr S Acc,1.6034
05/08/2020,Rathbone Multi Asset Strategic Gr S Acc,1.6034
05/09/2020,Rathbone Multi Asset Strategic Gr S Acc,1.6034
05/10/2020,Rathbone Multi Asset Strategic Gr S Acc,1.6034
05/11/2020,Rathbone Multi Asset Strategic Gr S Acc,1.6218
05/12/2020,Rathbone Multi Asset Strategic Gr S Acc,1.625
05/13/2020,Rathbone Multi Asset Strategic Gr S Acc,1.6143
05/14/2020,Rathbone Multi Asset Strategic Gr S Acc,1.5974
05/15/2020,Rathbone Multi Asset Strategic Gr S Acc,1.6028
05/16/2020,Rathbone Multi Asset Strategic Gr S Acc,1.6028
05/17/2020,Rathbone Multi Asset Strategic Gr S Acc,1.6028
05/18/2020,Rathbone Multi Asset Strategic Gr S Acc,1.6219
05/19/2020,Rathbone Multi Asset Strategic Gr S Acc,1.6371
05/20/2020,Rathbone Multi Asset Strategic Gr S Acc,1.6373
05/21/2020,Rathbone Multi Asset Strategic Gr S Acc,1.6473
05/22/2020,Rathbone Multi Asset Strategic Gr S Acc,1.6408
05/23/2020,Rathbone Multi Asset Strategic Gr S Acc,1.6408
05/24/2020,Rathbone Multi Asset Strategic Gr S Acc,1.6408
05/25/2020,Rathbone Multi Asset Strategic Gr S Acc,1.6408
05/26/2020,Rathbone Multi Asset Strategic Gr S Acc,1.6482
05/27/2020,Rathbone Multi Asset Strategic Gr S Acc,1.6562
05/28/2020,Rathbone Multi Asset Strategic Gr S Acc,1.6751
05/29/2020,Rathbone Multi Asset Strategic Gr S Acc,1.6727
05/30/2020,Rathbone Multi Asset Strategic Gr S Acc,1.6727
05/31/2020,Rathbone Multi Asset Strategic Gr S Acc,1.6727
06/01/2020,Rathbone Multi Asset Strategic Gr S Acc,1.6748
06/02/2020,Rathbone Multi Asset Strategic Gr S Acc,1.6762
06/03/2020,Rathbone Multi Asset Strategic Gr S Acc,1.6825
06/04/2020,Rathbone Multi Asset Strategic Gr S Acc,1.6977
06/05/2020,Rathbone Multi Asset Strategic Gr S Acc,1.6958
06/06/2020,Rathbone Multi Asset Strategic Gr S Acc,1.6958
06/07/2020,Rathbone Multi Asset Strategic Gr S Acc,1.6958
06/08/2020,Rathbone Multi Asset Strategic Gr S Acc,1.7089
06/09/2020,Rathbone Multi Asset Strategic Gr S Acc,1.709
06/10/2020,Rathbone Multi Asset Strategic Gr S Acc,1.7
06/11/2020,Rathbone Multi Asset Strategic Gr S Acc,1.6913
06/12/2020,Rathbone Multi Asset Strategic Gr S Acc,1.6681
06/13/2020,Rathbone Multi Asset Strategic Gr S Acc,1.6681
06/14/2020,Rathbone Multi Asset Strategic Gr S Acc,1.6681
06/15/2020,Rathbone Multi Asset Strategic Gr S Acc,1.6632
06/16/2020,Rathbone Multi Asset Strategic Gr S Acc,1.6791
06/17/2020,Rathbone Multi Asset Strategic Gr S Acc,1.6936
06/18/2020,Rathbone Multi Asset Strategic Gr S Acc,1.6956
06/19/2020,Rathbone Multi Asset Strategic Gr S Acc,1.7042
06/20/2020,Rathbone Multi Asset Strategic Gr S Acc,1.7042
06/21/2020,Rathbone Multi Asset Strategic Gr S Acc,1.7042
06/22/2020,Rathbone Multi Asset Strategic Gr S Acc,1.7001
06/23/2020,Rathbone Multi Asset Strategic Gr S Acc,1.7067
06/24/2020,Rathbone Multi Asset Strategic Gr S Acc,1.6962
06/25/2020,Rathbone Multi Asset Strategic Gr S Acc,1.6811
06/26/2020,Rathbone Multi Asset Strategic Gr S Acc,1.6947
06/27/2020,Rathbone Multi Asset Strategic Gr S Acc,1.6947
06/28/2020,Rathbone Multi Asset Strategic Gr S Acc,1.6947
06/29/2020,Rathbone Multi Asset Strategic Gr S Acc,1.6831
06/30/2020,Rathbone Multi Asset Strategic Gr S Acc,1.688
07/01/2020,Rathbone Multi Asset Strategic Gr S Acc,1.6871
07/02/2020,Rathbone Multi Asset Strategic Gr S Acc,1.6945
07/03/2020,Rathbone Multi Asset Strategic Gr S Acc,1.7039
07/04/2020,Rathbone Multi Asset Strategic Gr S Acc,1.7039
07/05/2020,Rathbone Multi Asset Strategic Gr S Acc,1.7039
07/06/2020,Rathbone Multi Asset Strategic Gr S Acc,1.7103
07/07/2020,Rathbone Multi Asset Strategic Gr S Acc,1.7128
07/08/2020,Rathbone Multi Asset Strategic Gr S Acc,1.7075
07/09/2020,Rathbone Multi Asset Strategic Gr S Acc,1.7056
07/10/2020,Rathbone Multi Asset Strategic Gr S Acc,1.6989
07/11/2020,Rathbone Multi Asset Strategic Gr S Acc,1.6989
07/12/2020,Rathbone Multi Asset Strategic Gr S Acc,1.6989
07/13/2020,Rathbone Multi Asset Strategic Gr S Acc,1.7102
07/14/2020,Rathbone Multi Asset Strategic Gr S Acc,1.7074
07/15/2020,Rathbone Multi Asset Strategic Gr S Acc,1.7186
07/16/2020,Rathbone Multi Asset Strategic Gr S Acc,1.7231
07/17/2020,Rathbone Multi Asset Strategic Gr S Acc,1.7215
07/18/2020,Rathbone Multi Asset Strategic Gr S Acc,1.7215
07/19/2020,Rathbone Multi Asset Strategic Gr S Acc,1.7215
07/20/2020,Rathbone Multi Asset Strategic Gr S Acc,1.7211
07/21/2020,Rathbone Multi Asset Strategic Gr S Acc,1.7293
07/22/2020,Rathbone Multi Asset Strategic Gr S Acc,1.7279
07/23/2020,Rathbone Multi Asset Strategic Gr S Acc,1.7343
07/24/2020,Rathbone Multi Asset Strategic Gr S Acc,1.7224
07/25/2020,Rathbone Multi Asset Strategic Gr S Acc,1.7224
07/26/2020,Rathbone Multi Asset Strategic Gr S Acc,1.7224
07/27/2020,Rathbone Multi Asset Strategic Gr S Acc,1.7152
07/28/2020,Rathbone Multi Asset Strategic Gr S Acc,1.717
07/29/2020,Rathbone Multi Asset Strategic Gr S Acc,1.7126
07/30/2020,Rathbone Multi Asset Strategic Gr S Acc,1.7069
07/31/2020,Rathbone Multi Asset Strategic Gr S Acc,1.6992
08/01/2020,Rathbone Multi Asset Strategic Gr S Acc,1.6992
08/02/2020,Rathbone Multi Asset Strategic Gr S Acc,1.6992
08/03/2020,Rathbone Multi Asset Strategic Gr S Acc,1.7025
08/04/2020,Rathbone Multi Asset Strategic Gr S Acc,1.7115
08/05/2020,Rathbone Multi Asset Strategic Gr S Acc,1.7167
08/06/2020,Rathbone Multi Asset Strategic Gr S Acc,1.7175
08/07/2020,Rathbone Multi Asset Strategic Gr S Acc,1.7244
08/08/2020,Rathbone Multi Asset Strategic Gr S Acc,1.7244
08/09/2020,Rathbone Multi Asset Strategic Gr S Acc,1.7244
08/10/2020,Rathbone Multi Asset Strategic Gr S Acc,1.7272
08/11/2020,Rathbone Multi Asset Strategic Gr S Acc,1.7327
08/12/2020,Rathbone Multi Asset Strategic Gr S Acc,1.7312
08/13/2020,Rathbone Multi Asset Strategic Gr S Acc,1.7364
08/14/2020,Rathbone Multi Asset Strategic Gr S Acc,1.7282
08/15/2020,Rathbone Multi Asset Strategic Gr S Acc,1.7282
08/16/2020,Rathbone Multi Asset Strategic Gr S Acc,1.7282
08/17/2020,Rathbone Multi Asset Strategic Gr S Acc,1.7317
08/18/2020,Rathbone Multi Asset Strategic Gr S Acc,1.736
08/19/2020,Rathbone Multi Asset Strategic Gr S Acc,1.7309
08/20/2020,Rathbone Multi Asset Strategic Gr S Acc,1.7272
08/21/2020,Rathbone Multi Asset Strategic Gr S Acc,1.7243
08/22/2020,Rathbone Multi Asset Strategic Gr S Acc,1.7243
08/23/2020,Rathbone Multi Asset Strategic Gr S Acc,1.7243
08/24/2020,Rathbone Multi Asset Strategic Gr S Acc,1.738
08/25/2020,Rathbone Multi Asset Strategic Gr S Acc,1.7428
08/26/2020,Rathbone Multi Asset Strategic Gr S Acc,1.7397
08/27/2020,Rathbone Multi Asset Strategic Gr S Acc,1.7451
08/28/2020,Rathbone Multi Asset Strategic Gr S Acc,1.7407
08/29/2020,Rathbone Multi Asset Strategic Gr S Acc,1.7407
08/30/2020,Rathbone Multi Asset Strategic Gr S Acc,1.7407
08/31/2020,Rathbone Multi Asset Strategic Gr S Acc,1.7407
09/01/2020,Rathbone Multi Asset Strategic Gr S Acc,1.7349
09/02/2020,Rathbone Multi Asset Strategic Gr S Acc,1.7461
09/03/2020,Rathbone Multi Asset Strategic Gr S Acc,1.7608
09/04/2020,Rathbone Multi Asset Strategic Gr S Acc,1.7383
09/05/2020,Rathbone Multi Asset Strategic Gr S Acc,1.7383
09/06/2020,Rathbone Multi Asset Strategic Gr S Acc,1.7383
09/07/2020,Rathbone Multi Asset Strategic Gr S Acc,1.7371
09/08/2020,Rathbone Multi Asset Strategic Gr S Acc,1.7402
09/09/2020,Rathbone Multi Asset Strategic Gr S Acc,1.7377
09/10/2020,Rathbone Multi Asset Strategic Gr S Acc,1.7417
09/11/2020,Rathbone Multi Asset Strategic Gr S Acc,1.748
09/12/2020,Rathbone Multi Asset Strategic Gr S Acc,1.748
09/13/2020,Rathbone Multi Asset Strategic Gr S Acc,1.748
09/14/2020,Rathbone Multi Asset Strategic Gr S Acc,1.7473
09/15/2020,Rathbone Multi Asset Strategic Gr S Acc,1.7595
09/16/2020,Rathbone Multi Asset Strategic Gr S Acc,1.7609
09/17/2020,Rathbone Multi Asset Strategic Gr S Acc,1.7558
09/18/2020,Rathbone Multi Asset Strategic Gr S Acc,1.7555
09/19/2020,Rathbone Multi Asset Strategic Gr S Acc,1.7555
09/20/2020,Rathbone Multi Asset Strategic Gr S Acc,1.7555
09/21/2020,Rathbone Multi Asset Strategic Gr S Acc,1.7387
09/22/2020,Rathbone Multi Asset Strategic Gr S Acc,1.7274
09/23/2020,Rathbone Multi Asset Strategic Gr S Acc,1.7435
09/24/2020,Rathbone Multi Asset Strategic Gr S Acc,1.7218
09/25/2020,Rathbone Multi Asset Strategic Gr S Acc,1.7153
09/26/2020,Rathbone Multi Asset Strategic Gr S Acc,1.7153
09/27/2020,Rathbone Multi Asset Strategic Gr S Acc,1.7153
09/28/2020,Rathbone Multi Asset Strategic Gr S Acc,1.726
09/29/2020,Rathbone Multi Asset Strategic Gr S Acc,1.7364
09/30/2020,Rathbone Multi Asset Strategic Gr S Acc,1.7356
10/01/2020,Rathbone Multi Asset Strategic Gr S Acc,1.7439
10/02/2020,Rathbone Multi Asset Strategic Gr S Acc,1.7401
10/03/2020,Rathbone Multi Asset Strategic Gr S Acc,1.7401
10/04/2020,Rathbone Multi Asset Strategic Gr S Acc,1.7401
10/05/2020,Rathbone Multi Asset Strategic Gr S Acc,1.7456
10/06/2020,Rathbone Multi Asset Strategic Gr S Acc,1.7548
10/07/2020,Rathbone Multi Asset Strategic Gr S Acc,1.7503
10/08/2020,Rathbone Multi Asset Strategic Gr S Acc,1.7608
10/09/2020,Rathbone Multi Asset Strategic Gr S Acc,1.7658
10/10/2020,Rathbone Multi Asset Strategic Gr S Acc,1.7658
10/11/2020,Rathbone Multi Asset Strategic Gr S Acc,1.7658
10/12/2020,Rathbone Multi Asset Strategic Gr S Acc,1.7718
10/13/2020,Rathbone Multi Asset Strategic Gr S Acc,1.7752
10/14/2020,Rathbone Multi Asset Strategic Gr S Acc,1.7736
10/15/2020,Rathbone Multi Asset Strategic Gr S Acc,1.7592
10/16/2020,Rathbone Multi Asset Strategic Gr S Acc,1.7692
10/17/2020,Rathbone Multi Asset Strategic Gr S Acc,1.7692
10/18/2020,Rathbone Multi Asset Strategic Gr S Acc,1.7692
10/19/2020,Rathbone Multi Asset Strategic Gr S Acc,1.7663
10/20/2020,Rathbone Multi Asset Strategic Gr S Acc,1.7596
10/21/2020,Rathbone Multi Asset Strategic Gr S Acc,1.7525
10/22/2020,Rathbone Multi Asset Strategic Gr S Acc,1.7485
10/23/2020,Rathbone Multi Asset Strategic Gr S Acc,1.7566
10/24/2020,Rathbone Multi Asset Strategic Gr S Acc,1.7566
10/25/2020,Rathbone Multi Asset Strategic Gr S Acc,1.7566
10/26/2020,Rathbone Multi Asset Strategic Gr S Acc,1.7534
10/27/2020,Rathbone Multi Asset Strategic Gr S Acc,1.7421
10/28/2020,Rathbone Multi Asset Strategic Gr S Acc,1.73
10/29/2020,Rathbone Multi Asset Strategic Gr S Acc,1.709
10/30/2020,Rathbone Multi Asset Strategic Gr S Acc,1.7101
10/31/2020,Rathbone Multi Asset Strategic Gr S Acc,1.7101
11/01/2020,Rathbone Multi Asset Strategic Gr S Acc,1.7101
11/02/2020,Rathbone Multi Asset Strategic Gr S Acc,1.7161
11/03/2020,Rathbone Multi Asset Strategic Gr S Acc,1.7283
11/04/2020,Rathbone Multi Asset Strategic Gr S Acc,1.7396
11/05/2020,Rathbone Multi Asset Strategic Gr S Acc,1.762
11/06/2020,Rathbone Multi Asset Strategic Gr S Acc,1.7701
11/07/2020,Rathbone Multi Asset Strategic Gr S Acc,1.7701
11/08/2020,Rathbone Multi Asset Strategic Gr S Acc,1.7701
11/09/2020,Rathbone Multi Asset Strategic Gr S Acc,1.7916
11/10/2020,Rathbone Multi Asset Strategic Gr S Acc,1.8016
11/11/2020,Rathbone Multi Asset Strategic Gr S Acc,1.8021
11/12/2020,Rathbone Multi Asset Strategic Gr S Acc,1.8094
11/13/2020,Rathbone Multi Asset Strategic Gr S Acc,1.8014
11/14/2020,Rathbone Multi Asset Strategic Gr S Acc,1.8014
11/15/2020,Rathbone Multi Asset Strategic Gr S Acc,1.8014
11/16/2020,Rathbone Multi Asset Strategic Gr S Acc,1.8143
11/17/2020,Rathbone Multi Asset Strategic Gr S Acc,1.8165
11/18/2020,Rathbone Multi Asset Strategic Gr S Acc,1.8164
11/19/2020,Rathbone Multi Asset Strategic Gr S Acc,1.803
11/20/2020,Rathbone Multi Asset Strategic Gr S Acc,1.8095
11/21/2020,Rathbone Multi Asset Strategic Gr S Acc,1.8095
11/22/2020,Rathbone Multi Asset Strategic Gr S Acc,1.8095
11/23/2020,Rathbone Multi Asset Strategic Gr S Acc,1.8032
11/24/2020,Rathbone Multi Asset Strategic Gr S Acc,1.8072
11/25/2020,Rathbone Multi Asset Strategic Gr S Acc,1.8153
11/26/2020,Rathbone Multi Asset Strategic Gr S Acc,1.8148
11/27/2020,Rathbone Multi Asset Strategic Gr S Acc,1.8166
11/28/2020,Rathbone Multi Asset Strategic Gr S Acc,1.8166
11/29/2020,Rathbone Multi Asset Strategic Gr S Acc,1.8166
11/30/2020,Rathbone Multi Asset Strategic Gr S Acc,1.8172
12/01/2020,Rathbone Multi Asset Strategic Gr S Acc,1.8193
12/02/2020,Rathbone Multi Asset Strategic Gr S Acc,1.8248
12/03/2020,Rathbone Multi Asset Strategic Gr S Acc,1.8268
12/04/2020,Rathbone Multi Asset Strategic Gr S Acc,1.8285
12/05/2020,Rathbone Multi Asset Strategic Gr S Acc,1.8285
12/06/2020,Rathbone Multi Asset Strategic Gr S Acc,1.8285
12/07/2020,Rathbone Multi Asset Strategic Gr S Acc,1.8408
12/08/2020,Rathbone Multi Asset Strategic Gr S Acc,1.8355
12/09/2020,Rathbone Multi Asset Strategic Gr S Acc,1.8355
12/10/2020,Rathbone Multi Asset Strategic Gr S Acc,1.8405
12/11/2020,Rathbone Multi Asset Strategic Gr S Acc,1.837
12/12/2020,Rathbone Multi Asset Strategic Gr S Acc,1.837
12/13/2020,Rathbone Multi Asset Strategic Gr S Acc,1.837
12/14/2020,Rathbone Multi Asset Strategic Gr S Acc,1.8333
12/15/2020,Rathbone Multi Asset Strategic Gr S Acc,1.8318
12/16/2020,Rathbone Multi Asset Strategic Gr S Acc,1.8394
12/17/2020,Rathbone Multi Asset Strategic Gr S Acc,1.8402
12/18/2020,Rathbone Multi Asset Strategic Gr S Acc,1.8514
12/19/2020,Rathbone Multi Asset Strategic Gr S Acc,1.8514
12/20/2020,Rathbone Multi Asset Strategic Gr S Acc,1.8514
12/21/2020,Rathbone Multi Asset Strategic Gr S Acc,1.8445
12/22/2020,Rathbone Multi Asset Strategic Gr S Acc,1.8419
12/23/2020,Rathbone Multi Asset Strategic Gr S Acc,1.8429
12/24/2020,Rathbone Multi Asset Strategic Gr S Acc,1.8415
12/25/2020,Rathbone Multi Asset Strategic Gr S Acc,1.8415
12/26/2020,Rathbone Multi Asset Strategic Gr S Acc,1.8415
12/27/2020,Rathbone Multi Asset Strategic Gr S Acc,1.8415
12/28/2020,Rathbone Multi Asset Strategic Gr S Acc,1.8415
12/29/2020,Rathbone Multi Asset Strategic Gr S Acc,1.8608
12/30/2020,Rathbone Multi Asset Strategic Gr S Acc,1.8564
12/31/2020,Rathbone Multi Asset Strategic Gr S Acc,1.8512
01/01/2021,Rathbone Multi Asset Strategic Gr S Acc,1.8512
01/02/2021,Rathbone Multi Asset Strategic Gr S Acc,1.8512
01/03/2021,Rathbone Multi Asset Strategic Gr S Acc,1.8512
01/04/2021,Rathbone Multi Asset Strategic Gr S Acc,1.8693
01/05/2021,Rathbone Multi Asset Strategic Gr S Acc,1.8602
01/06/2021,Rathbone Multi Asset Strategic Gr S Acc,1.8678
01/07/2021,Rathbone Multi Asset Strategic Gr S Acc,1.8788
01/08/2021,Rathbone Multi Asset Strategic Gr S Acc,1.894
01/09/2021,Rathbone Multi Asset Strategic Gr S Acc,1.894
01/10/2021,Rathbone Multi Asset Strategic Gr S Acc,1.894
01/11/2021,Rathbone Multi Asset Strategic Gr S Acc,1.8975
01/12/2021,Rathbone Multi Asset Strategic Gr S Acc,1.8856
01/13/2021,Rathbone Multi Asset Strategic Gr S Acc,1.881
01/14/2021,Rathbone Multi Asset Strategic Gr S Acc,1.8864
01/15/2021,Rathbone Multi Asset Strategic Gr S Acc,1.8796
01/16/2021,Rathbone Multi Asset Strategic Gr S Acc,1.8796
01/17/2021,Rathbone Multi Asset Strategic Gr S Acc,1.8796
01/18/2021,Rathbone Multi Asset Strategic Gr S Acc,1.8796
01/19/2021,Rathbone Multi Asset Strategic Gr S Acc,1.8788
01/20/2021,Rathbone Multi Asset Strategic Gr S Acc,1.8813
01/21/2021,Rathbone Multi Asset Strategic Gr S Acc,1.8921
01/22/2021,Rathbone Multi Asset Strategic Gr S Acc,1.8829
01/23/2021,Rathbone Multi Asset Strategic Gr S Acc,1.8829
01/24/2021,Rathbone Multi Asset Strategic Gr S Acc,1.8829
01/25/2021,Rathbone Multi Asset Strategic Gr S Acc,1.8829
01/26/2021,Rathbone Multi Asset Strategic Gr S Acc,1.8841
01/27/2021,Rathbone Multi Asset Strategic Gr S Acc,1.8712
01/28/2021,Rathbone Multi Asset Strategic Gr S Acc,1.8523
01/29/2021,Rathbone Multi Asset Strategic Gr S Acc,1.8548
01/30/2021,Rathbone Multi Asset Strategic Gr S Acc,1.8548
01/31/2021,Rathbone Multi Asset Strategic Gr S Acc,1.8548
02/01/2021,Rathbone Multi Asset Strategic Gr S Acc,1.8496
02/02/2021,Rathbone Multi Asset Strategic Gr S Acc,1.8646
02/03/2021,Rathbone Multi Asset Strategic Gr S Acc,1.8785
02/04/2021,Rathbone Multi Asset Strategic Gr S Acc,1.8805
02/05/2021,Rathbone Multi Asset Strategic Gr S Acc,1.883
02/06/2021,Rathbone Multi Asset Strategic Gr S Acc,1.883
02/07/2021,Rathbone Multi Asset Strategic Gr S Acc,1.883
02/08/2021,Rathbone Multi Asset Strategic Gr S Acc,1.8932
02/09/2021,Rathbone Multi Asset Strategic Gr S Acc,1.8957
02/10/2021,Rathbone Multi Asset Strategic Gr S Acc,1.895
02/11/2021,Rathbone Multi Asset Strategic Gr S Acc,1.8946
02/12/2021,Rathbone Multi Asset Strategic Gr S Acc,1.9004
02/13/2021,Rathbone Multi Asset Strategic Gr S Acc,1.9004
02/14/2021,Rathbone Multi Asset Strategic Gr S Acc,1.9004
02/15/2021,Rathbone Multi Asset Strategic Gr S Acc,1.9077
02/16/2021,Rathbone Multi Asset Strategic Gr S Acc,1.9104
02/17/2021,Rathbone Multi Asset Strategic Gr S Acc,1.9078
02/18/2021,Rathbone Multi Asset Strategic Gr S Acc,1.8964
02/19/2021,Rathbone Multi Asset Strategic Gr S Acc,1.8879
02/20/2021,Rathbone Multi Asset Strategic Gr S Acc,1.8879
02/21/2021,Rathbone Multi Asset Strategic Gr S Acc,1.8879
02/22/2021,Rathbone Multi Asset Strategic Gr S Acc,1.8808
02/23/2021,Rathbone Multi Asset Strategic Gr S Acc,1.8712
02/24/2021,Rathbone Multi Asset Strategic Gr S Acc,1.8703
02/25/2021,Rathbone Multi Asset Strategic Gr S Acc,1.8775
02/26/2021,Rathbone Multi Asset Strategic Gr S Acc,1.857
02/27/2021,Rathbone Multi Asset Strategic Gr S Acc,1.857
02/28/2021,Rathbone Multi Asset Strategic Gr S Acc,1.857
03/01/2021,Rathbone Multi Asset Strategic Gr S Acc,1.8547
03/02/2021,Rathbone Multi Asset Strategic Gr S Acc,1.8735
03/03/2021,Rathbone Multi Asset Strategic Gr S Acc,1.8723
03/04/2021,Rathbone Multi Asset Strategic Gr S Acc,1.8512
03/05/2021,Rathbone Multi Asset Strategic Gr S Acc,1.8442
03/06/2021,Rathbone Multi Asset Strategic Gr S Acc,1.8442
03/07/2021,Rathbone Multi Asset Strategic Gr S Acc,1.8442
03/08/2021,Rathbone Multi Asset Strategic Gr S Acc,1.8451
03/09/2021,Rathbone Multi Asset Strategic Gr S Acc,1.8493
03/10/2021,Rathbone Multi Asset Strategic Gr S Acc,1.8538
03/11/2021,Rathbone Multi Asset Strategic Gr S Acc,1.8629
03/12/2021,Rathbone Multi Asset Strategic Gr S Acc,1.8717
03/13/2021,Rathbone Multi Asset Strategic Gr S Acc,1.8717
03/14/2021,Rathbone Multi Asset Strategic Gr S Acc,1.8717
03/15/2021,Rathbone Multi Asset Strategic Gr S Acc,1.8701
03/16/2021,Rathbone Multi Asset Strategic Gr S Acc,1.8773
03/17/2021,Rathbone Multi Asset Strategic Gr S Acc,1.8714
03/18/2021,Rathbone Multi Asset Strategic Gr S Acc,1.8679
03/19/2021,Rathbone Multi Asset Strategic Gr S Acc,1.8581
03/20/2021,Rathbone Multi Asset Strategic Gr S Acc,1.8581
03/21/2021,Rathbone Multi Asset Strategic Gr S Acc,1.8581
03/22/2021,Rathbone Multi Asset Strategic Gr S Acc,1.8585
03/23/2021,Rathbone Multi Asset Strategic Gr S Acc,1.8644
03/24/2021,Rathbone Multi Asset Strategic Gr S Acc,1.8628
03/25/2021,Rathbone Multi Asset Strategic Gr S Acc,1.8567
03/26/2021,Rathbone Multi Asset Strategic Gr S Acc,1.8609
03/27/2021,Rathbone Multi Asset Strategic Gr S Acc,1.8609
03/28/2021,Rathbone Multi Asset Strategic Gr S Acc,1.8609
03/29/2021,Rathbone Multi Asset Strategic Gr S Acc,1.8738
03/30/2021,Rathbone Multi Asset Strategic Gr S Acc,1.8743
03/31/2021,Rathbone Multi Asset Strategic Gr S Acc,1.8719
04/01/2021,Rathbone Multi Asset Strategic Gr S Acc,1.878
04/02/2021,Rathbone Multi Asset Strategic Gr S Acc,1.878
04/03/2021,Rathbone Multi Asset Strategic Gr S Acc,1.878
04/04/2021,Rathbone Multi Asset Strategic Gr S Acc,1.878
04/05/2021,Rathbone Multi Asset Strategic Gr S Acc,1.878
04/06/2021,Rathbone Multi Asset Strategic Gr S Acc,1.8977
04/07/2021,Rathbone Multi Asset Strategic Gr S Acc,1.9001
04/08/2021,Rathbone Multi Asset Strategic Gr S Acc,1.9053
04/09/2021,Rathbone Multi Asset Strategic Gr S Acc,1.9134
04/10/2021,Rathbone Multi Asset Strategic Gr S Acc,1.9134
04/11/2021,Rathbone Multi Asset Strategic Gr S Acc,1.9134
04/12/2021,Rathbone Multi Asset Strategic Gr S Acc,1.9128
04/13/2021,Rathbone Multi Asset Strategic Gr S Acc,1.9132
04/14/2021,Rathbone Multi Asset Strategic Gr S Acc,1.9175
04/15/2021,Rathbone Multi Asset Strategic Gr S Acc,1.9213
04/16/2021,Rathbone Multi Asset Strategic Gr S Acc,1.9291
04/17/2021,Rathbone Multi Asset Strategic Gr S Acc,1.9291
04/18/2021,Rathbone Multi Asset Strategic Gr S Acc,1.9291
04/19/2021,Rathbone Multi Asset Strategic Gr S Acc,1.9276
04/20/2021,Rathbone Multi Asset Strategic Gr S Acc,1.9157
04/21/2021,Rathbone Multi Asset Strategic Gr S Acc,1.9097
04/22/2021,Rathbone Multi Asset Strategic Gr S Acc,1.9223
04/23/2021,Rathbone Multi Asset Strategic Gr S Acc,1.921
04/24/2021,Rathbone Multi Asset Strategic Gr S Acc,1.921
04/25/2021,Rathbone Multi Asset Strategic Gr S Acc,1.921
04/26/2021,Rathbone Multi Asset Strategic Gr S Acc,1.9295
04/27/2021,Rathbone Multi Asset Strategic Gr S Acc,1.9321
04/28/2021,Rathbone Multi Asset Strategic Gr S Acc,1.9299
04/29/2021,Rathbone Multi Asset Strategic Gr S Acc,1.9328
04/30/2021,Rathbone Multi Asset Strategic Gr S Acc,1.9288
05/01/2021,Rathbone Multi Asset Strategic Gr S Acc,1.9288
05/02/2021,Rathbone Multi Asset Strategic Gr S Acc,1.9288
05/03/2021,Rathbone Multi Asset Strategic Gr S Acc,1.9288
05/04/2021,Rathbone Multi Asset Strategic Gr S Acc,1.9245
05/05/2021,Rathbone Multi Asset Strategic Gr S Acc,1.9198
05/06/2021,Rathbone Multi Asset Strategic Gr S Acc,1.9213
05/07/2021,Rathbone Multi Asset Strategic Gr S Acc,1.9267
05/08/2021,Rathbone Multi Asset Strategic Gr S Acc,1.9267
05/09/2021,Rathbone Multi Asset Strategic Gr S Acc,1.9267
05/10/2021,Rathbone Multi Asset Strategic Gr S Acc,1.9252
05/11/2021,Rathbone Multi Asset Strategic Gr S Acc,1.9036
05/12/2021,Rathbone Multi Asset Strategic Gr S Acc,1.8984
05/13/2021,Rathbone Multi Asset Strategic Gr S Acc,1.883
05/14/2021,Rathbone Multi Asset Strategic Gr S Acc,1.8968
05/15/2021,Rathbone Multi Asset Strategic Gr S Acc,1.8968
05/16/2021,Rathbone Multi Asset Strategic Gr S Acc,1.8968
05/17/2021,Rathbone Multi Asset Strategic Gr S Acc,1.906
05/18/2021,Rathbone Multi Asset Strategic Gr S Acc,1.9069
05/19/2021,Rathbone Multi Asset Strategic Gr S Acc,1.8958
05/20/2021,Rathbone Multi Asset Strategic Gr S Acc,1.8988
05/21/2021,Rathbone Multi Asset Strategic Gr S Acc,1.9075
05/22/2021,Rathbone Multi Asset Strategic Gr S Acc,1.9075
05/23/2021,Rathbone Multi Asset Strategic Gr S Acc,1.9075
05/24/2021,Rathbone Multi Asset Strategic Gr S Acc,1.9114
05/25/2021,Rathbone Multi Asset Strategic Gr S Acc,1.9199
05/26/2021,Rathbone Multi Asset Strategic Gr S Acc,1.9184
05/27/2021,Rathbone Multi Asset Strategic Gr S Acc,1.9204
05/28/2021,Rathbone Multi Asset Strategic Gr S Acc,1.9209
05/29/2021,Rathbone Multi Asset Strategic Gr S Acc,1.9209
05/30/2021,Rathbone Multi Asset Strategic Gr S Acc,1.9209
05/31/2021,Rathbone Multi Asset Strategic Gr S Acc,1.9209
06/01/2021,Rathbone Multi Asset Strategic Gr S Acc,1.9281
06/02/2021,Rathbone Multi Asset Strategic Gr S Acc,1.9278
06/03/2021,Rathbone Multi Asset Strategic Gr S Acc,1.9238
06/04/2021,Rathbone Multi Asset Strategic Gr S Acc,1.926
06/05/2021,Rathbone Multi Asset Strategic Gr S Acc,1.926
06/06/2021,Rathbone Multi Asset Strategic Gr S Acc,1.926
06/07/2021,Rathbone Multi Asset Strategic Gr S Acc,1.9339
06/08/2021,Rathbone Multi Asset Strategic Gr S Acc,1.9338
06/09/2021,Rathbone Multi Asset Strategic Gr S Acc,1.9326
06/10/2021,Rathbone Multi Asset Strategic Gr S Acc,1.9361
06/11/2021,Rathbone Multi Asset Strategic Gr S Acc,1.9422
06/12/2021,Rathbone Multi Asset Strategic Gr S Acc,1.9422
06/13/2021,Rathbone Multi Asset Strategic Gr S Acc,1.9422
06/14/2021,Rathbone Multi Asset Strategic Gr S Acc,1.9471
06/15/2021,Rathbone Multi Asset Strategic Gr S Acc,1.9516
06/16/2021,Rathbone Multi Asset Strategic Gr S Acc,1.949
06/17/2021,Rathbone Multi Asset Strategic Gr S Acc,1.946
06/18/2021,Rathbone Multi Asset Strategic Gr S Acc,1.9474
06/19/2021,Rathbone Multi Asset Strategic Gr S Acc,1.9474
06/20/2021,Rathbone Multi Asset Strategic Gr S Acc,1.9474
06/21/2021,Rathbone Multi Asset Strategic Gr S Acc,1.9347
06/22/2021,Rathbone Multi Asset Strategic Gr S Acc,1.9506
06/23/2021,Rathbone Multi Asset Strategic Gr S Acc,1.9527
06/24/2021,Rathbone Multi Asset Strategic Gr S Acc,1.9524
06/25/2021,Rathbone Multi Asset Strategic Gr S Acc,1.9613
06/26/2021,Rathbone Multi Asset Strategic Gr S Acc,1.9613
06/27/2021,Rathbone Multi Asset Strategic Gr S Acc,1.9613
06/28/2021,Rathbone Multi Asset Strategic Gr S Acc,1.9659
06/29/2021,Rathbone Multi Asset Strategic Gr S Acc,1.9702
06/30/2021,Rathbone Multi Asset Strategic Gr S Acc,1.9649
07/01/2021,Rathbone Multi Asset Strategic Gr S Acc,1.9671
07/02/2021,Rathbone Multi Asset Strategic Gr S Acc,1.9769
07/03/2021,Rathbone Multi Asset Strategic Gr S Acc,1.9769
07/04/2021,Rathbone Multi Asset Strategic Gr S Acc,1.9769
07/05/2021,Rathbone Multi Asset Strategic Gr S Acc,1.9753
07/06/2021,Rathbone Multi Asset Strategic Gr S Acc,1.9769
07/07/2021,Rathbone Multi Asset Strategic Gr S Acc,1.9768
07/08/2021,Rathbone Multi Asset Strategic Gr S Acc,1.971
07/09/2021,Rathbone Multi Asset Strategic Gr S Acc,1.9673
07/10/2021,Rathbone Multi Asset Strategic Gr S Acc,1.9673
07/11/2021,Rathbone Multi Asset Strategic Gr S Acc,1.9673
07/12/2021,Rathbone Multi Asset Strategic Gr S Acc,1.9742
07/13/2021,Rathbone Multi Asset Strategic Gr S Acc,1.9827
07/14/2021,Rathbone Multi Asset Strategic Gr S Acc,1.9774
07/15/2021,Rathbone Multi Asset Strategic Gr S Acc,1.9728
07/16/2021,Rathbone Multi Asset Strategic Gr S Acc,1.9728
07/17/2021,Rathbone Multi Asset Strategic Gr S Acc,1.9728
07/18/2021,Rathbone Multi Asset Strategic Gr S Acc,1.9728
07/19/2021,Rathbone Multi Asset Strategic Gr S Acc,1.9613
07/20/2021,Rathbone Multi Asset Strategic Gr S Acc,1.9544
07/21/2021,Rathbone Multi Asset Strategic Gr S Acc,1.9747
07/22/2021,Rathbone Multi Asset Strategic Gr S Acc,1.9795
07/23/2021,Rathbone Multi Asset Strategic Gr S Acc,1.9829
07/24/2021,Rathbone Multi Asset Strategic Gr S Acc,1.9829
07/25/2021,Rathbone Multi Asset Strategic Gr S Acc,1.9829
07/26/2021,Rathbone Multi Asset Strategic Gr S Acc,1.9847
07/27/2021,Rathbone Multi Asset Strategic Gr S Acc,1.9789
07/28/2021,Rathbone Multi Asset Strategic Gr S Acc,1.9718
07/29/2021,Rathbone Multi Asset Strategic Gr S Acc,1.9773
07/30/2021,Rathbone Multi Asset Strategic Gr S Acc,1.9783
07/31/2021,Rathbone Multi Asset Strategic Gr S Acc,1.9783
08/01/2021,Rathbone Multi Asset Strategic Gr S Acc,1.9783
08/02/2021,Rathbone Multi Asset Strategic Gr S Acc,1.9858
08/03/2021,Rathbone Multi Asset Strategic Gr S Acc,1.9843
08/04/2021,Rathbone Multi Asset Strategic Gr S Acc,1.9897
08/05/2021,Rathbone Multi Asset Strategic Gr S Acc,1.9876
08/06/2021,Rathbone Multi Asset Strategic Gr S Acc,1.9931
08/07/2021,Rathbone Multi Asset Strategic Gr S Acc,1.9931
08/08/2021,Rathbone Multi Asset Strategic Gr S Acc,1.9931
08/09/2021,Rathbone Multi Asset Strategic Gr S Acc,1.9935
08/10/2021,Rathbone Multi Asset Strategic Gr S Acc,1.9968
08/11/2021,Rathbone Multi Asset Strategic Gr S Acc,1.9988
08/12/2021,Rathbone Multi Asset Strategic Gr S Acc,2.0021
08/13/2021,Rathbone Multi Asset Strategic Gr S Acc,2.0072
08/14/2021,Rathbone Multi Asset Strategic Gr S Acc,2.0072
08/15/2021,Rathbone Multi Asset Strategic Gr S Acc,2.0072
08/16/2021,Rathbone Multi Asset Strategic Gr S Acc,2.0004
08/17/2021,Rathbone Multi Asset Strategic Gr S Acc,2.0045
08/18/2021,Rathbone Multi Asset Strategic Gr S Acc,2.0015
08/19/2021,Rathbone Multi Asset Strategic Gr S Acc,1.9836
08/20/2021,Rathbone Multi Asset Strategic Gr S Acc,1.9869
08/21/2021,Rathbone Multi Asset Strategic Gr S Acc,1.9869
08/22/2021,Rathbone Multi Asset Strategic Gr S Acc,1.9869
08/23/2021,Rathbone Multi Asset Strategic Gr S Acc,1.9975
08/24/2021,Rathbone Multi Asset Strategic Gr S Acc,2.0052
08/25/2021,Rathbone Multi Asset Strategic Gr S Acc,2.0089
08/26/2021,Rathbone Multi Asset Strategic Gr S Acc,2.0093
08/27/2021,Rathbone Multi Asset Strategic Gr S Acc,2.0079
08/28/2021,Rathbone Multi Asset Strategic Gr S Acc,2.0079
08/29/2021,Rathbone Multi Asset Strategic Gr S Acc,2.0079
08/30/2021,Rathbone Multi Asset Strategic Gr S Acc,2.0079
08/31/2021,Rathbone Multi Asset Strategic Gr S Acc,2.018
09/01/2021,Rathbone Multi Asset Strategic Gr S Acc,2.0217
09/02/2021,Rathbone Multi Asset Strategic Gr S Acc,2.0238
09/03/2021,Rathbone Multi Asset Strategic Gr S Acc,2.0273
09/04/2021,Rathbone Multi Asset Strategic Gr S Acc,2.0273
09/05/2021,Rathbone Multi Asset Strategic Gr S Acc,2.0273
09/06/2021,Rathbone Multi Asset Strategic Gr S Acc,2.028
09/07/2021,Rathbone Multi Asset Strategic Gr S Acc,2.0291
09/08/2021,Rathbone Multi Asset Strategic Gr S Acc,2.0215
09/09/2021,Rathbone Multi Asset Strategic Gr S Acc,2.012
09/10/2021,Rathbone Multi Asset Strategic Gr S Acc,2.0138
09/11/2021,Rathbone Multi Asset Strategic Gr S Acc,2.0138
09/12/2021,Rathbone Multi Asset Strategic Gr S Acc,2.0138
09/13/2021,Rathbone Multi Asset Strategic Gr S Acc,2.012
09/14/2021,Rathbone Multi Asset Strategic Gr S Acc,2.008
09/15/2021,Rathbone Multi Asset Strategic Gr S Acc,2.0069
09/16/2021,Rathbone Multi Asset Strategic Gr S Acc,2.0113
09/17/2021,Rathbone Multi Asset Strategic Gr S Acc,2.0089
09/18/2021,Rathbone Multi Asset Strategic Gr S Acc,2.0089
09/19/2021,Rathbone Multi Asset Strategic Gr S Acc,2.0089
09/20/2021,Rathbone Multi Asset Strategic Gr S Acc,1.992
09/21/2021,Rathbone Multi Asset Strategic Gr S Acc,1.991
09/22/2021,Rathbone Multi Asset Strategic Gr S Acc,1.9941
09/23/2021,Rathbone Multi Asset Strategic Gr S Acc,2.0051
09/24/2021,Rathbone Multi Asset Strategic Gr S Acc,2.0086
09/25/2021,Rathbone Multi Asset Strategic Gr S Acc,2.0086
09/26/2021,Rathbone Multi Asset Strategic Gr S Acc,2.0086
09/27/2021,Rathbone Multi Asset Strategic Gr S Acc,2.0047
09/28/2021,Rathbone Multi Asset Strategic Gr S Acc,2.0002
09/29/2021,Rathbone Multi Asset Strategic Gr S Acc,1.9917
09/30/2021,Rathbone Multi Asset Strategic Gr S Acc,1.9926
10/01/2021,Rathbone Multi Asset Strategic Gr S Acc,1.973
10/02/2021,Rathbone Multi Asset Strategic Gr S Acc,1.973
10/03/2021,Rathbone Multi Asset Strategic Gr S Acc,1.973
10/04/2021,Rathbone Multi Asset Strategic Gr S Acc,1.9806
10/05/2021,Rathbone Multi Asset Strategic Gr S Acc,1.9693
10/06/2021,Rathbone Multi Asset Strategic Gr S Acc,1.9678
10/07/2021,Rathbone Multi Asset Strategic Gr S Acc,1.9776
10/08/2021,Rathbone Multi Asset Strategic Gr S Acc,1.9856
10/09/2021,Rathbone Multi Asset Strategic Gr S Acc,1.9856
10/10/2021,Rathbone Multi Asset Strategic Gr S Acc,1.9856
10/11/2021,Rathbone Multi Asset Strategic Gr S Acc,1.9828
10/12/2021,Rathbone Multi Asset Strategic Gr S Acc,1.9799
10/13/2021,Rathbone Multi Asset Strategic Gr S Acc,1.9809
10/14/2021,Rathbone Multi Asset Strategic Gr S Acc,1.988
10/15/2021,Rathbone Multi Asset Strategic Gr S Acc,2.0023
10/16/2021,Rathbone Multi Asset Strategic Gr S Acc,2.0023
10/17/2021,Rathbone Multi Asset Strategic Gr S Acc,2.0023
10/18/2021,Rathbone Multi Asset Strategic Gr S Acc,2.0045
10/19/2021,Rathbone Multi Asset Strategic Gr S Acc,2.0061
10/20/2021,Rathbone Multi Asset Strategic Gr S Acc,2.0137
10/21/2021,Rathbone Multi Asset Strategic Gr S Acc,2.011
10/22/2021,Rathbone Multi Asset Strategic Gr S Acc,2.0177
10/23/2021,Rathbone Multi Asset Strategic Gr S Acc,2.0177
10/24/2021,Rathbone Multi Asset Strategic Gr S Acc,2.0177
10/25/2021,Rathbone Multi Asset Strategic Gr S Acc,2.0172
10/26/2021,Rathbone Multi Asset Strategic Gr S Acc,2.0178
10/27/2021,Rathbone Multi Asset Strategic Gr S Acc,2.019
10/28/2021,Rathbone Multi Asset Strategic Gr S Acc,2.0096
10/29/2021,Rathbone Multi Asset Strategic Gr S Acc,2.0127
10/30/2021,Rathbone Multi Asset Strategic Gr S Acc,2.0127
10/31/2021,Rathbone Multi Asset Strategic Gr S Acc,2.0127
11/01/2021,Rathbone Multi Asset Strategic Gr S Acc,2.0274
11/02/2021,Rathbone Multi Asset Strategic Gr S Acc,2.0323
11/03/2021,Rathbone Multi Asset Strategic Gr S Acc,2.0322
11/04/2021,Rathbone Multi Asset Strategic Gr S Acc,2.0386
11/05/2021,Rathbone Multi Asset Strategic Gr S Acc,2.0572
11/06/2021,Rathbone Multi Asset Strategic Gr S Acc,2.0572
11/07/2021,Rathbone Multi Asset Strategic Gr S Acc,2.0572
11/08/2021,Rathbone Multi Asset Strategic Gr S Acc,2.0574
11/09/2021,Rathbone Multi Asset Strategic Gr S Acc,2.0576
11/10/2021,Rathbone Multi Asset Strategic Gr S Acc,2.0615
11/11/2021,Rathbone Multi Asset Strategic Gr S Acc,2.0652
11/12/2021,Rathbone Multi Asset Strategic Gr S Acc,2.0675
11/13/2021,Rathbone Multi Asset Strategic Gr S Acc,2.0675
11/14/2021,Rathbone Multi Asset Strategic Gr S Acc,2.0675
11/15/2021,Rathbone Multi Asset Strategic Gr S Acc,2.0746
11/16/2021,Rathbone Multi Asset Strategic Gr S Acc,2.0778
11/17/2021,Rathbone Multi Asset Strategic Gr S Acc,2.078
11/18/2021,Rathbone Multi Asset Strategic Gr S Acc,2.0706
11/19/2021,Rathbone Multi Asset Strategic Gr S Acc,2.0676
11/20/2021,Rathbone Multi Asset Strategic Gr S Acc,2.0676
11/21/2021,Rathbone Multi Asset Strategic Gr S Acc,2.0676
11/22/2021,Rathbone Multi Asset Strategic Gr S Acc,2.0678
11/23/2021,Rathbone Multi Asset Strategic Gr S Acc,2.0605
11/24/2021,Rathbone Multi Asset Strategic Gr S Acc,2.0561
11/25/2021,Rathbone Multi Asset Strategic Gr S Acc,2.0631
11/26/2021,Rathbone Multi Asset Strategic Gr S Acc,2.0527
11/27/2021,Rathbone Multi Asset Strategic Gr S Acc,2.0527
11/28/2021,Rathbone Multi Asset Strategic Gr S Acc,2.0527
11/29/2021,Rathbone Multi Asset Strategic Gr S Acc,2.039
11/30/2021,Rathbone Multi Asset Strategic Gr S Acc,2.0389
12/01/2021,Rathbone Multi Asset Strategic Gr S Acc,2.0305
12/02/2021,Rathbone Multi Asset Strategic Gr S Acc,2.0203
12/03/2021,Rathbone Multi Asset Strategic Gr S Acc,2.0409
12/04/2021,Rathbone Multi Asset Strategic Gr S Acc,2.0409
12/05/2021,Rathbone Multi Asset Strategic Gr S Acc,2.0409
12/06/2021,Rathbone Multi Asset Strategic Gr S Acc,2.0333
12/07/2021,Rathbone Multi Asset Strategic Gr S Acc,2.0581
12/08/2021,Rathbone Multi Asset Strategic Gr S Acc,2.0796
12/09/2021,Rathbone Multi Asset Strategic Gr S Acc,2.0792
12/10/2021,Rathbone Multi Asset Strategic Gr S Acc,2.0702
12/11/2021,Rathbone Multi Asset Strategic Gr S Acc,2.0702
12/12/2021,Rathbone Multi Asset Strategic Gr S Acc,2.0702
12/13/2021,Rathbone Multi Asset Strategic Gr S Acc,2.0739
12/14/2021,Rathbone Multi Asset Strategic Gr S Acc,2.0629
12/15/2021,Rathbone Multi Asset Strategic Gr S Acc,2.047
12/16/2021,Rathbone Multi Asset Strategic Gr S Acc,2.0646
12/17/2021,Rathbone Multi Asset Strategic Gr S Acc,2.0568
12/18/2021,Rathbone Multi Asset Strategic Gr S Acc,2.0568
12/19/2021,Rathbone Multi Asset Strategic Gr S Acc,2.0568
12/20/2021,Rathbone Multi Asset Strategic Gr S Acc,2.0454
12/21/2021,Rathbone Multi Asset Strategic Gr S Acc,2.0404
